TABLE II.-Association schemes for catalogued designs-Continued
A. GROUP DIVISIBLE ASSOCIATION SCHEMES
(m, n) - Continued
(5,5)
1
2
3
11
67822
12345
67820
16
17
22222
21
4 9
5 10
DESIGNS S112, 113
DESIGNS SR60, 61
DESIGNS R155-158
(5,7)
18
23
19 24
20 25
(6,4)
1
2
3
13 19
14 20
3456
7890
15 21
4 10 16
5
222228
11 17 23
6 12 18 24
DESIGNS S69, 70
DESIGN SR74
DESIGNS R93, 153, 154
1
2
3
4
5
10
12345
67899
(6,5)
11 16
17
18
19
22222
21 26 31
27
23
24 29
20 25 30 35
22343
22228
1
DESIGN SR62
DESIGN R159
6
345678
789012
2345
13 19 25
14 20 26
15 21 27
16
5 11 17 23 29
18
24 30
222222
222222
28
DESIGNS S114, 115
DESIGNS SR75, 76
(5,8)
1 6 11
2 7
3
8
4
9
5
10
K7BD2
12345
16
17
18
19 24
20 25 30
22228
22323
21 26 31
27
29
22343
35
33333
36
(6,7)
37
38
39
40
DESIGN SR63
345678
780012
123456
13 19 25
123438
227228
222222
37
14 20 26
15 21
16
17 23 29 35 41
18 24 30 36 42
38
39
40
(5,9)
DESIGN SR77
1
6 11
16 21 26 31 36 41
2
7
12 17 22
27 32 37 42
3
8 13 18 23 28
33 38 43
(6,8)
4 9 14 19
5 10 15 20
24 29
25
30
34 39 44
35 40
1
45
DESIGN SR64
3 9 15 21
4 10 16
345678
7 13 19 25
2 8 14 20 26
227228
222222
223438
31
(6,2)
1
2
3
4
10
5
789812
6 12
DESIGNS S11, 12, 28, 31, 58, 98, 99
DESIGNS SR66, 67, 69, 70
DESIGNS R40, 70, 71, 73, 77, 109, 110, 144, 147, 175, 186
(6,3)
37
5 11 17 23 29 35 41
6
12 18 24 30
36
42
ឆ - 6 ៖ ឌ ។
38
39
40
744959
43
46
48
DESIGN SR78
(6,9)
1
2
3
4
345678
789012
13 19 25
18 24 30 36 42 48 54
DESIGN SR79
123438
222222
222222
38
RISC8E
39
*$4959
37 43 49
44 50
40 46 52
***
51
14 20 26
15 21 27
16
28
5 11 17 23 29 35 41 47 53
6
789812
12345V
13
14
15
10 16
6 12
17
18
DESIGNS S38, 40, 86, 87
DESIGNS SR72, 73
DESIGNS R169, 196
(7,2)
8
2
9
3
10
4
11
5 12
6 13
7 14
DESIGNS S13, 32-34, 59, 60
DESIGNS SR80-83
DESIGNS R79, 80, 112, 113, 177, 208
85
