TABLE V. Singular group divisible designs -
– Continued
1
7 13
6
12 18
23
2
8
14
5
11 17
3 9 15
4 10 16
2
8 14
6 12 18
34
9 15
4 10 16
36
9
15
4
10 16
6 12 18
5
11 17
4 10 16
6 12 18
51
5 11 17
7 13
5 11 17
6
24
18
8
14
12 18 4 10 16
15
12
32
31
41
7 13
11
8 14
7 13
9 15
8 14
9 15
7 13
137
Plan:
1
8 15
2
9
16
4 11 18
2
9 16
3 10 17
5 12 19
3 10 17
4 11 18
6 13 20
4 11 18
5 12 19
7
14 21
5 12 19 6 13 20
1
8 15
6 13 20
7
14 21
2134
9 16
8 15
71
13
7
14 21
2 9 16
8 15
3
10 17
10 17
4 11 18
3 10 17
4 11 18
5 12 19
8 15
4 11 18
5 12 19
6
13 20
7 14 21
5 12 19
6 13
20
2 9 16
6 13 20
7
14 21
1 8 15
7 14 21 2 9 16
3 10 17
34
78
12
26
13
35
9 15
8 14 5 11 17 6
37
4 10
16
12 18
8 14
4 10 16
11
6 12 18 1 7 13
173
19
53
17
9
15
3 9 15
6 12 18 2
52
5 11 17 1 7
13
8 14
4 10 16
31
4 10 16
6 12 18
33
79
13
13 2 8 14
9 15
17
3 10 17
5 11
4 11 18
5 12 19
Solution 3: Nonunique; 3-resolvable
Complement: Not listed, k
Dual: Irregular
Groups: (7,3)
Plan: 1 8 15
2 9 16
23456
= €12
9 16
10 17
4 11 18
4 11 18
5 12 19
6 13 20
5 12 19
7 14 21
6 13 20
Design S88:
v = 21,
m= 7,
r = 3,
n = 3,
k = 9,
b= 7
7 14 21
13 20
7 14 21
1 8 15
1 8 15
2
9 16
3 10 17
A₁
=
3,
λ=
= 1
c₁ = 1, c,= 5/21, H= 16/3, ▲ = 7
E, 1.00, E,= .91, E= .92
Solution: Unique; nonresolvable
Complement: Not listed, k = 12
Dual: The true triplicate solution for the BIB
design (7,21,9,3,3), Roy and Laha (1956)
Groups: (7,3)
21
9 16
8 15
14
8 15
3
10 17
4 11 18
4 11 18
3 10 17
5 12 19
6 13 20
3 10 17
5 12 19
7 14 21
5 12 19
6
13 20
2
9 16
6 13 20
7
14 21
7 14 21
2 9 16
1
8 15
4 11 18
Plan: 1 8 15
2 9 16
4 11 18
2 9 16
3 10 17
3 10 17
4 11
5 12 19
18
6 13 20
4 11 18
5 12 19
7
14 21
5 12 19
6
13 20
1 8 15
6 13 20
7
14 21
2 9 16
7
14 21
1
8 15
3 10 17
Design S89:
v = 21,
r =
6,
k = 9,
m= 7,
n = 3,
λ₁ 6,
=
=
b= 14
λε 2
c₁ = 1, c₂ = 5/21, H= 32/3, ▲ = 28
E, 1.00, E,= .91, E= .92
Solution 1:
Nonunique; 3-resolvable
Complement: Not listed, k = 12
Dual: Design S34
Groups: (7,3)
Plan: Duplicate the plan of S88.
Nonunique; 3-resolvable
Solution 2:
Complement: Not listed, k
= = 12
Dual: Irregular
Groups: (7,3)
Solution 4:
Nonunique; 3-resolvable
- 12
Complement: Not listed, k
Dual: Not a D(x), x = 1, 2, 3
Groups: (7,3)
Plan: 1
2
8 15
9 16
2 9 16
4 11 18
3 10 17
5 12 19
3 10 17
4 11 18
4 11 18
5 12 19
6 13 20
7 14 21
5 12 19
6 13 20
6 13 20
7 14 21
7 14 21
1 8 15
123
8 15
9 16
3 10 17
2
9 16
1
8 15
4 11 18
143
1
8 15
4 11 18
10 17
3 10 17
6 13 20
5 12 19
3 10 17
6 13 20
7 14 21
6 13 20
5 12 19
2
5 12 19
7 14 21
7 14 21
2
9 16
1 8 15
9 16
4 11 18
127
