TABLE VII. Semiregular group divisible designs - Continued
1
12
6
17
11
2 18
838
14
9
644
19 15
20
16
7
13 4 10
5250
1
7 13
19 5
6
11
17
27
18
14 10
3
9 15
16 12
8
4 20
1
17
29 12 11
30 13 16 24
14 21 7 25
18
19 20
35 23
15 26 32 8
27 31 33 9
2223454
1432223
1 12 13 14 15
34 25
8 16 27
35 9 21 28 2
10 26
31 30 4 18
29 3 17
23 6 5 19
33 24
7 11 20
Design SR60: v= 25,
r = 5,
m= 5, n = 5,
k = 5,
λ₁ = 0,
b = 25
28
6 34
10 22
λ2
= 1
1
25 22
23 24
c₁ = 0, c₂ = 1/5, H= 9, A =
=
20
11
3 30 9 32
Solution:
Complement: Not listed, r = 20
Dual: Self dual, P. M. Roy (1954b)
Groups: (5,5)
=
E, .80, E2-
.83, E.83
Affine resolvable, Saraf (1961)
16
4 10
33 12
21
5 34 17 13
26 27 35
18 14
31 28 7
19 15
6
2 29 8 20
Plan:
To construct, use
Design SR63: v= 40, r = 8, k = 5,
m= 5, n = 8, λ₁ = 0,
b= 64
λ₂ = 1
Set 5.1 once
Set 5.5 once
Set 5.3 once
Set 5.6 once
c₁ =
E,
Set 5.4
once
Each set constitutes a complete
replication.
Design SR61: v= 25,
c₁ =
=
r = 10,
k =
m= 5, n = 5, X₁ = 0,
5,
A2
= 2
=
0, c₂ 1/5, H= 18, A 80
E= .80, E,= .83, E = .83
Solution:
Resolvable
Complement: Not listed, r = 40
Dual: A D(3), WHC (1956)
Groups: (5,5)
b= 50
0, C2
1/8, H= 72/5, A 256/5
.80, E₂ = .82, E = .82
Solution:
Complement: Not listed, r = 56
Dual: Design LS105
=
==
Resolvable
Groups: (5,8)
Plan: 1 17 18 19
25 34 3 31 27
7 35 4 36 28
8 5 37 6 29
9 38 12 11 30
10 22 39 13 16
23 32 40 14 21
24 33 2 15 26
1
38 39 40 37
Plan:
Design SR62: v= 35, r = 7,
m= 5, n= 7,
Duplicate the plan of SR60.
34
k = 5,
λ₁ = 0,
b= 49
7 30 26 23
12 35 8
13 9 36
31 24
2 25
A2
= 1
14 10 6 3 17
15 27 11
4 18
2
c₁ = 0, c₂ = 1/7, H= 63/5, A
E= .80, E₂ = .82, E = .82
=
196/5
29 21
32 28 16 5 19
33
22 20
222222222222222
20
1 7 8 9 10
38 29 15 31 32
39 30 17 36 33
40 18 6 2 34
19 22 11 3 35
20 23 12 16 4
27 24 13 21 5
37 28 25 14 26
1 12 13 14 15
6 39 35 23 27
11
16
17 40 24 28
18 25 29 7
21
19 2 30 8
26 20 32 3 9
31 37 33 4 10
36 38 34 5 22
Solution:
Complement: Not listed, r = 42
Dual: Design LS87
Groups: (5,7)
Plan: 1 7 8
Resolvable
10
29 25 13 32 31
17 30 14 33 6
18 15
19 22
20 27
28 24 12
342322
2 34 11
1 29 30 27 28
12 34 3 20 31
13 35 4 6
14 5 22 11
7
1 2
25 39 11 8 32
40 16 9 27 33
21 10 28 34 12
29 26 35 17 13
22 31 30 18 14
23 37 36 19 15
24 38 6 7 20
3
4
5
1 25
22
23 24
29 12 3 40 36
30 13 4 32 6
14 5 33 7 11
15 34 17 8 16
37 35 18 9 21
27 38 19 10 26
28 2 39 20 31
8
3 35 16
15 23 17 16
9
1 29 30 27 28
1 34 35 32 33
4 21
32 24 18 21 10
34 11 13 20
37
3
5 26
33 2 25 19 26
35 16
14 38
2
17
30 16 37 24
4 21 38 25
21 15
7 39
3
1 34 35 32 33
25 11
16 18
17 4 28
21 19 12
247834
14 10
15 27
352223
29
8 30
22 26 20 13 9
23 31
24 6
19 27 11 13
20 32 28 16 14
33 29 21 15 22
17890233
2 3 4
5
26 22
8 40
4
18 5 26 39 12
19 31 7 40 13
34 30 26 23
31
23 17 9
5
20 27 36
8 14
17 35 31 24
32 36 24 18 10
28
6 9
15 22
18 6 12 25
33
6 25 12 19
2 29
11
10 23
155
