TABLE VII. Semiregular group divisible designs - Continued
=
Groups: (5,9)
Plan: 1 2
3 4
5
1 32
33
34 35
32 38 26
15
19
24 26
45
27 18
33 39 31
22 20
25 31 37
28 19
34 40 36
23 42
7 36
38
29 20
35
7 41
24 43
8 12
39
30 41
b= 81
Design SR64: v= 45,
m= 5,
r = 9,
n = 9,
k = 5,
λ₁
=
0,
A2 1
c₁ = 0, c₂ = 1/9, H= 81/5, A
E= .80, E,= .82, E = .81
Solution:
Resolvable
Complement: Not listed, r
Dual: Design LS122
= 72
324/5
=
Solution:
Unique; 2-resolvable
Complement: Design SR23
Dual: Truly self dual
Groups: (3,3)
Plan:
476
9
663
538
327
219
184
598
283
9
1
917
8
154
7
4
746
632
3
132
417
264
689
853
975
2
6
8 27
25 44
9
13 40
2 6
11
9 28
12 45
10
14 42
3 11
16 10 29
13 17
22
15 43
4 16
Design SR66: v= 12, r = 4,
21
37 30
14 18
23
21 44
5 17
m= 6,
1
7
37 29 15 41 23
38 30 6 42 24
39 11 17 43 25
40 16 18 44 32
21 45 19
8
9 10
1
12 13
14 15
28
32 10
21
24
29 33 42
26 25
30 34 43
31
2
36 35 44
37
3
2 33
41 17
45
38 4
12 26 20
3 34
6 18
7
39
5
13
27 31
4 35
11 19
8
40 22
14
28 36
5 22
27
20
9
16 23
1 28 29 30 27
41
42
5 19 13
43 6 32 20 14
44 11 33 7
43
1 42
20 37
2 38 14 25 16
44 45
7
13 24 11
1
15
3 39 15
27 21
45 16 34 37
8
4 40 26 28
7
22 35 38
21
26 23 2 39 10
31 24 3 40 17
36 25 4 18 12
9
5 32 31 29 8
17 33 36
30
9
18 34 41
22
10
7
10
5 12
4 5 12
4 11
10 11
2828
3663
4
10
c₁ = 0, c₂ =
E= .83, E,
Solution:
k = 6,
0, λε
n = 2, λ₁
1/2, H= 22/3, A = 40/3
.91, E = .90
2-resolvable
Complement: Truly self complementary, Preece
(1967)
Dual: Design SR38, Solution 1
Groups: (6,2)
Plan: 1
=
b= 8
=
2
10 11
4 11 12
6622
5511
12
1717
2266
1
3993
8282
19 35 12
23 6
1
37 38 39
40
27 43 19 36 10
28
44 20 41
29 45 22 6
30 11 23 32
12 16 24 33
13 21 25 34
14 26 17 35 8
15 42 18 31
2023457∞9
37
22 26
13 30 44
23 31
7 14 45
24
2
1
25 22 23 24
133882222
1 20 17
18
19
Design SR67: v= 12,
25
3 9 41 32
r= 6,
n = 2, λ₁
m= 6,
k = 6,
b=
=
0, A2
=
23
12
4 10
6 33
5 11 27 34
39 16 35 28 42
40 21 12 29 43
8 15 36
= 0, c₂= 1/2, H= 11, A = 30
E,= .83, E,= .91, E= .90
Solution 1: As given by BCS (1954); nonunique;
nonresolvable
Complement: Truly self complementary, Preece
(1967)
Dual: Irregular
34 6 28 17 15
336
35 11 29 18
7 16 30 19
8
21 42 20
252345234
9 37 43 26
10 38 44 31 12
32 39 45 36 13
33 40 27 41 14
Design SR65: v=
9,
r = 6,
m 3, n = 3,
=
k = 6,
A₁
=
3, Az
c, 6/11, c₂ 23/33, H 23/2, A = 33
E,= .92, E,= .94, E = .94
b= 9
=
Groups: (6,2)
Plan: 7 8 10 11
H2
8 9 11 12
9
10 12 5
10 11 6
11 12
12
234561
2
3
6
612457863
345672
12
1
2
1 2 3
3 4 7
8
6
9
9
10
12
317845129026
242390OTBILS
10
6
7
8
1
11
4
5
(Plan continued on next page)
156
