TABLE VII. Semiregular group divisible designs-Continued
Design SR87: v= 49,
c₁ =
=
r = 7,
m= 7,
n = 7,
k = 7,
A₁ =
b = 49
= 0, λ2
- 1
=
42
0, c₂= 1/7, H= 13, A
E,= .86, E,= .87, E = .87
Solution: Affine resolvable, Saraf (1961)
Complement: Not listed, r = 42
Dual: Self dual, P. M. Roy (1954b)
Groups: (7,7)
Plan: To construct, use
1
52
53 54
55 56 51
46
9 40 36
7 31 27
16 47 10 41
43 32 28
17 48 11 42 50 2 33
18 49 12 8
3
34 23
19
13 37 15
4
35 24
2220
20 44 14 38 22
5 25
21
45 39 29
6
30 26
1
16 17 18
19 20 21
8
53 47 6
15 23 54 48
31
7 32 38
37 14
22 24 55
49
33 39 9
Set 7.1 once
Set 7.6
once
29 25 56
2
34 40 10
36 26 44
3
35 41 11
Set 7.3
once
Set 7.7
once
43 27 51 45 4 42 12
50 28 52 46
Set 7.4
once
Set 7.8
once
Set 7.5
5 30
13
1 2 3
4
5 6 7
33 53 15
10
44 27 21
once
Each set constitutes a complete
replication.
34 54 22 11 37 45 28
35 55 29 12 38 46 16
56 36 13 39 47 23 17
Design SR88: v= 56,
m= 7,
r = 8,
n = 8,
k = 7,
λ₁ = 0,
b = 64
λ2 1
=
31
30 43 14 40 48 24 18
51 50 41 49 25 19
32 52 8 9 42 26 20
c₁ =
0, c₂
1/8, H= 104/7, A =
384/7
2
Solution:
E, .86, E₂ = .87, E = .87
Complement: Not listed, r = 56
Dual: Design LS107
1
33
Resolvable
40 17
41 18
34 35
31 32
39 16 3 54 27 14 50
4 55 44 28 8
5 56 45 9 15
30
42 19
6 46 23 10 22
Groups: (7,8)
Plan: 1 28 23 24 25
26 27
33 46 3 56 20
43
37
9 34 47
4 21
50 38
10 35 48
5 51
8 39
11 49 6
52 16
15 40
17
22
53 41
12 30 7
13 31 44 54 18 29 42
14 32 45 2
55
19 36
1
11
9 10
52 39 34 19 43 7 44
53 40 23 35 20 50 45
54 41 21 8 2 46 24
55 42 25 30 15
56 26 31 16 22
37 27 32 17
51 38 28 33
12
13 14
20 7 51 47 24 11 29
37 21 52 48 25 12 36
38 2 53 49 26 13 43
1 39 40
46 15 34
47 22 35
41 42 37 38
17 26 14 51
18 27 52
48 29 19 28 9 53
49 36 30 20 10 54
43 31 21 23 11 55
44 50 32 24 12 56
45 8 33 16 25 13
87234567
3 47
4 48
24
29
5 49
25
18 36
6
26
28
13222272
1 46
47
48 49 44 45
3 40 22
4 41
5 42
6 43
7 37
27 38 8
2 39
13 51 21 32
29 14 52 33
36 53 16 34
9 54 17 35
50 10 55 18
11 56 19 30
15 12 20 31
164
