TABLE III.—Sets of blocks constituting replications for partially balanced designs based on certain group divisible and Latin square
types of association schemes - Continued
set
6.2
set
7.5
1
7
13
2
8
14
3
9
15
4
10
16
5
11 17
6 12 18
24
**2*28
222222
19 25
31
1
13
18
20 26
32
2
14
19
21 27 33
3
8
20
25 30
34
4
9
21
26
23 29
35
5
10
15 27
30 36
6
11
16 28
7 12 17 22 34 39
322223±
23 35 40 45
24 29 41 46
31
wwww328
42 47
36
48
37
49
43
44
set
6.3
set 7.6
1
8 15
2
9 16
3
4
11 18 19
5
12 13 20 27
6
7 14
222222
29
23 30 31
10 17 24 25 32
26
21
32233
222228
36
1
12 16
27
2
13 17
33
3
14
18
34
4
8
19
35
5
9
20
6
10
set
7.1
7
11 15
2222222
31
42 46
28 32
36 47
33
37 48
23
34
38 49
24 35
39
43
21 25 29
40
44
26
30
41
45
1
2
3
4
5
6
7
set
7.7
8 9
10
11
12
13
14
15
16
17
18
22
23 24 25 26 27 28
29 30 31
32
33
36
37 38
39 40 41
222
19 20 21
1
11
21
2
12 15
34
35
3
13
16
42
4
14
17
43
44 45
46 47 48
49
5
8
18
6
9
19
set
7.2
7
10 20
2222222
24 34
37
47
25 35 38 48
26 29
39
49
27
30
40
43
28 31
41 44
32 42
45
23 33 36
46
1
8 15
2 9
16
233
22
29
30
3
10 17
24
31
4
11 18 25
32
5 12 19 26 33 40
6 13
20
7
14 21
22283
27
34
35 42
Re3 www co
36 43
set 7.8
37
44
38
45
1
10
19
28
39
46
2
11
20
47
3 12
41
48
4
13 15
49
5
14
6
set
7.3
7
9 18
18
8 17 26 35
*222222
30 39
48
31 40 49
21 23 32 41 43
24
16 25 34
33 42 44
36 45
37 46
27
29
38
47
1
9 17
25
2
3 11
19
4 12
20
28
5
13 21
6 14 15 23
7 8 16
2222222
33 41 49
set
8.1
10 18 26 34 42 43
27
35
36
44
1
2
3 4 5
6
7
8
29 37
45
9
10
11 12
13
14
15
16
30 38 46
17
18
19 20
21
22 23 24
31 39
47
25
26
27 28 29
24 32 40 48
33
34
35
36
30 31 32
37 38 39 40
41
set
7.4
42
49 50 51 52 53
57 58 59
43 44 45 46 47 48
54
60 61 62 63 64
2535
56
12
20
20 26
14
8 21 27 33
4 10 16
11 17
6 12 18 24 30 36
7 13 19 25
31 37
2222222
32 38
44
39
3 9 15 28 34 40 46
35 41
23
29
42
2 6 2 2 2 2
45
set
8.2
47
1 9 17
48
2 10 18
49
3
3225
33 41 49
26 34 42 50
57
58
11 19 27 35 43 51 59
43
4
12 20 28 36 44 52 60
5 13 21 29 37 45
53 61
323
6 14 22 30 38 46
7 15
54 62
31 39 47
8 16 24 32 40 48
55 63
56
64
99
