TABLE III.-Sets of blocks constituting replications for partially balanced designs based on certain group divisible and Latin square
types of association schemes- Continued
set
9.4
set 9.9
1
13
2
14
3
15
345
4
16
2222
25
26
27
19
5
17
20
6
18
7
10
8 11 23
2222
21
9 12 24 35 38 50
2023223
42
28
29 41
2233
40
3333333
52
53
45 48
59
55555
2988
54 56 68 80
1 18 23 33
57 69
81
67 79
3
17
71
74
4
12 26
31
43
46 60
72
75
5
10
36
34
2333
44 47
58
70
73
6
39 51
62
65
77
7
37
49
63
66 78
8
61
64 76
9
222222222
38
32
2 16 24 31 39
52
53
62
67
63 68
32 37 54
61 69
222
75
73
74
36 41
27 34 42
11 25 35 40 48 55 72
46
56 · 70
78
47
57 71
76
77
15 20 30 44 49 59
13 21 28
14 19 29
$435
64
81
50 60
65 79
51 58
66 80
set
55
9.5
set
9.10
453
1 14 27
15
5 18
6 16
7
11
8
12
20
9 10 23
222222222
35 39
25
36
3 13 26 34 38
4 17 21 29 42 52
3332
37
gཅེ
49
60
70
74
50
58
71
75
12
17
2 18
51
59
72
73
3 16
63
64 77
4
11
19 30 40 53
61
65
78
5
12
20
28
41 54
62 66
76
6
10
24
32 45 46 57 67
80
7 14
33 43 47
31 44 48 56 69 79
5555
68
81
8
453
15
9 13 20
22222222
24
36 40 47 59
66 79
34 41 48 60
64 80
23
35 42
46
58
65 81
27
30
43
50
62
69 73
25
28
44
51
63
67 74
26 29
45
49
61
68 75
21
33 37
53
56 72
76
19
31
38
54
57
70
77
32
39
52
55
71
78
set
9.6
set
10.1
1
33
15 26
2 13 27
3
14
4
18 20
5
16
22222
32 43
63
48
33 44 46 61
559
1
65
76
2
3
11
12
13
66
77
25
31
45 47 62 64
78
21
22
23
442
4
5
6
7
8
9
10
14
15
16
17
18
19
20
24 25
26
27 28
29
30
35
21
36
6
17
19
34
7
12
89
10
9
11
2223
29
24
30
28 42
223 www
37
51 57
38
49
55
689
31
32
33
34 35
79
36 37
38
39
40
80
41
42
43
44
45
46
47
48
49
50
39
50
56
67
81
51
52
53
54
55
56
57
58
59
60
40 54
41
52
53
5569
71
60
58 72
59
2220
73
61
62
63
64
65
66 67
74
71
72
73
74 75
76
75
70
81
82
83
84
85
91
92 93 94
555
95
988
86
96
6829
68
69 70
77
78
79
80
87
88
89
97
98
99
នី៖៖
90
100
set 9.7
set
10.2
12
12
3
10
4
14
15
6 13
23
7
17
222222222
11 21 31 41 51 61 71 81
19
32 42 49
62
72
79
20
40
33
50 63 70 80
24 34 44
35
45
36
27 28
8 18 25 29 39
9 16 26 30 37 47 60 67
222307
54 55 65 75
123
2
3
123
21
52
56 66 73
4
43 53 57 64 74
46
55509
38 48 58 68 78
69 76
77
56789
15 25
16
17 27
19
12
set
9.8
16
10
2222222222
31 41 51
32 42
52
23
33 43 53 63 73
123
61
62
22
71
81
91
72 82
92
83
93
236
14 24 34 44
26 36
35 45
46
54 64 74
55
56 66
84
94
65 75 85
95
76
86
96
37 47
57 67
77 87
97
18 28 38
29
20 30 40 50
8888
48 58
39
49 59 69
60 70
2880
68
78 88
98
1280
79 89
99
90
100
2 17
878
3 18 24
4
10
25
2223
29
30
28
$43
44
45 51
55
50
43
49
5555
57 72
78
70
76
56
71
77
32
38 53
60 66 81
5
6
789
12345
26 33 39 54 58 64 79
27 31 37 52 59 65 80
19
20 36 42
21 34 40 46 62 68
22
35 41 47 63 69 75
48
302
61
67 73
74
101
