TABLE VII. Semiregular group divisible designs - Continued
Plan:
1
1
1
1
333
2222
4
4 14
ཨs
5
3 13
5 15
3
13
14
a55a
6
7
8
9
15
7 17 18
16
8
18
232
6
16
17 9
1
10 11
2 12 13 14 15
4 5 6
7 8
9
16 17
9
1 11
10 2
3 13
5 15
16
8 18
4 14 6 7 17 18
1
11 12
4
5 6
7
17 18
1
11
12
4
14
15 7
8 9
1
11
12
13
5
15
16
17 9
1
11 12
13
14
6
16
8
18
Design SR101:v= 18, r = 10,
m= 9,
n = 2, X₁
k
=
€9,
b= 20
=
0, A2
5
10
2
12
4
5
6
16
8 18
10
2
12
4
14
15
16
17 9
10
2 12
13
5
15
7
8
9
c= 0, c₂ = 1/2, H= 170/9, ▲ =
E= .89, E₂ = .94, E = .94
800/9
10 2 12
13
14
6
7
17
18
10 11 3
4
5
6
16
17
9
10 11 3
4 14
15 16 8
18
54
15 7 17 18
10 11 3 13
10 11 3 13 14 6 7 8 9
Note: Plan was obtained by inverting LS99,
Solution 1
Solution 2: Nonunique; nonresolvable
Complement: Truly self complementary, Preece
(1967)
Dual: Design LS99, Solution 2 or design M32
Groups: (9,2)
Plan: 1 2
1 2
2222
655
14 15
5454
4433
3333
1 2 3 13 5 15 16 8 18
Solution:
Nonresolvable
Complement: Truly self complementary, Preece
(1967)
Dual: Irregular
Groups: (9,2)
Plan: 1 2 3 4 5 6 7 8 9
10 11 3 4 14 15 16 17 9
1 11 12 4 5 15 16 17 18
10 2
13 5 6 16 17 18
10 11 3 13 14 6
22
7
17 18
1 11 12 4 14 15 7 8 18
3 4 5 15 16 8 18
4444
55
1 2 12 13 5 15
16 8 9
1
2
3 13 14 6
16
17 9
7 8 9
1
2
3 4 14
15 7 17 18
7 17 18
10
2
1 11
3 4
5
6
16 17 9
1 2
14
11 12 4 5
6 16 17
6 16
9
10
2 12
5
6
7 17 18
17
9
1 11
3 13 5 6
7 8 18
1 11 12 4 14 15
7 8
9
10 2
12 4 14
6
7
8 9
1 11 12 13 5 15
7
17 18
10 11
3 13 5 15
7
8 9
1 11 12
13 14 6
16
8 18
10 11
10 2 12
10 2
10 2
10 2 12 13 14 6
10 11 3 4 5 6
10 11 3 4 14 15
10 11 3 13 5 15
10 11 3 13 14 6
4
12 4
12 13
5 6
16
8 18
10 11
12 4 14
12 13 5 15
6 16
8 9
7 17
9
14
15 16
17 9
1 11
12 13 14 6 16 8 18
5 15
7 8 9
7 17 18
10
1 2
2
12 13 14 15 7 17
3 13 14 15 16 8
9
18
7
17 18
16 8 18
Design SR102:v=
16 17 9
27, r = 9,
m= 9, n = 3,
k = 9,
λ₁ 0,
b = 27
=
A2
=
23
7 8 9
Note: Plan was obtained by inverting LS99,
Solution 2
Solution 3: As given by BCS (1954); nonunique;
2-resolvable
Complement: Truly self complementary, Preece
(1967)
Dual: A D(3), Speckman (1970)
= 0, c₂ = 1/3, H= 17, A = 72
E, .89, E,= .92, E = .92
Solution:
2
Affine resolvable, Saraf (1961)
Complement: Not listed, r = 18
Dual: Self dual, P. M. Roy (1954b)
Groups: (9,3)
Plan:
1
10 11
12
6 7 8
99
9
19 20 21
Groups: (9,2)
Plan: 1 2
10 11
1
11
13 14 15 16 17
5454
4334
3232
13 5 15 7 17 18
10 2 12 4 14 6 16 8 18
422 425
4
265
7023
322 22 265
242
322
242
243
322
14
23
24
425
432
13
22
13
543 520
6
14
25
15 16
25
26
27
7 8
17 27
16 26
9 10
15
25
23 24 25 26
13 14 15 25 26
23 24 7
6 16 17
23 24 16 17 18
14
15
བིད
38-
10
19
2° 2°∞
208
TOR 7 ∞2°
7 8
17
∞∞
27
982
18
27
9
10
18
19
100
212
20
222
20
101
232
11
20
1
2 12 13
10 11 3
10
EE2
14 15
1 11 12
6767
6556
5454
3443
16 17 9
8
9
1
10
1
10
2 12
6767
5665
4545
4334
3232
2112
5 15 16 8 18
2 3 13 14
13
7 17 18
14 15 16 17
13 14
16
9
8 18
5 15 7 17 18
9
8
18 19
(Plan continued on next page)
169
