TABLE VII. Semiregular group divisible designs - Continued
Design SR50: v= 36,
r = 9,
k = 4,
b= 81
m= 4,
n = 9,
λ₁
=
- 0,
2
= 1
c₁ = 0, c₂ = 1/9, H= 63/4, A
E,= .75, E₂ = .77, E = .77
Solution:
Resolvable
=
Complement: Not listed, r = 72
Dual: Design LS121
Groups: (4,9)
243/4
Design SR51: v= 40, r = 10,
m= 4, n = 10, λ₁
k = 4,
b= 100
= 0,
2
= 1
c₁ = 0, c₂ = 1/10, H= 35/2, A = 75
E= .75, E₂ = .77, E= .76
2
Complement: Not listed, r
Dual: Design LS139
Groups: (4,10)
= 90
Plan: 1 2 3 4
21
2
15 36
1
Plan:
187887845
2
26 31 21
27 32
28 34 29
6
35
36
9 23
13
15 30 17
~22232227
4
1 26
27 28
16
15 22
21 20
25
18
16 23 25 30
19
6 24
29
31
33
20
7 10
33
32
5
8
11 5
6 27 32
1 10 23 36
1 14 19 40
1 18 39 8
1 22 35 16
1 26 31 24
1 30 7 12
21
6 11 40
21 10 39 28
21
14 35 8
10
9 12
34
3
1 34 11 20
21
21 22 23 24
21 26 19 32
21 30 27 4
21 34
18 31 16
3 12
24
11
13
18
35
4
1 38 15 28
21 38
7 20
12
14 19
36
17
5
2
5
31 28
6 7 8
25 2
25 6 19 36
23
32
1 6 7 8
1 10
11
12
5 10
3 32
25 10 15 40
30 24 19 33
31 5 20 34
23 20 17 26
24 34
5 14 27 36
25 14 39 4
21 27
5 18 23 40
25 18 35 12
32 9 14 35
26 13 15 36
27 17 16 2
25 35 2 28
5 22 39 12
25 22 31 20
29 36
3
30
5 26 35 20
25 26 27 28
33 14
4 31
5 30 11 16
25 30 3 8
28 21 10
3
5 15
6 32
5 34 15 24
25 34 7 16
25 22 11
29 23 18 12
+2
4
9 16
7 18
5 38 19 4
25 38 11 24
22
13 8 19
9 2 35 24
9 6 31 4
1 23 24 22
34 11 16 33
35 12 26 5
36 6 27 9
13 7 28 30
17 18 8 31
21 19 2 32
25 20 3 14
29 10 4 15
1 34
11 30 20
12 31 2 13
22 32
35 36
9 10
9
9 14
11 12
7 32
9 18
3 36
3 17
9 22
27 40
23 6
4 21
9 26 39 16
26 24
14 27
15 28 18 33
16 10 19 5
7 25
9 30
15 20
29 2 11 8
29 6 15 12
29 10 19 16
29 14 23 20
29 18 27 24
29 22 3 28
29 26 7 4
29 30 31 32
8 29
9 34 19 28
29 34 35 36
9
38 23 8
29 38 39 40
13 2 39 20
33 2 19 12
13
6 35 28
33
6 23 16
1 30 31 32
35 22 16 29
36 23 2 33
26
18 24 3 5
19 26 4 9
23 34
10 20 27 13
24 35
11 28 6 17
18 36
12 14 7 21
19 12
34 15 8 25
20
+~+8*3822
1 14 15 16
8 33
13
10 31 8
33
10 27 20
13
14 15 16
33 14 3 24
27 4 30 5
13 18 11 32
33 18 7 28
22 28 31 9
13
22 7 36
33 22 11 4
32
13
13
26 3 40
33 26 15 8
10 17
13
30 19 24
33 30 35 40
11 21
13
34 23 4
33 34 39 32
6 25
13 38 27 12
33 38 31 36
7 29
17
2 7 40
37 2 27 16
17
6 39 24
37 6 3 20
6
1 18 19 20
28 14 23 5
24 15 2 9
16 3 13
4 17
34 7
35 30 8 21
36 31 10 25
26 32 11 29
27 22 12 33
17
10 35 4
37 10 7 24
17
22
14 31 12
17 18 19 20
17 22 15 32
17 26 11 36
17 30 23 28
17 34 27 8
17 38 3 16
37 14 11 28
37 18 15 4
37 22 19 8
37 26 23 12
37 30 39 36
37 34 31 40
37 38 35 32
152
