TABLE II.-Association schemes for catalogued designs-Continued
A. GROUP DIVISIBLE ASSOCIATION SCHEMES
(11,3)
1
12
23
13
3
14
4 15
5
16
6
17
7
18
8
19
9
20
10 21 32
33
2222222≈≈≈
24
25
26
27
28
29
11 22
DESIGN S48
(m, n)-Continued
(13,2)
1
14
2 15
3 16
4 17
5 18
6 19
7
LEK7B22222222
20
8 21
9
10 23
11 24
12 25
13 26
DESIGNS S44, 71, 72
DESIGNS R128, 199
(11,4)
1
234567α
10
21
11
234567-222
12
13
14
15 26
16 27
17
18 29
8 19 30
9 20 31
33
22222222223
24
25
wwwww
34
35
(13,3)
36
37
38
28
39
40
41
42
43
44
43456780
9
10
DESIGN S79
DESIGN R162
(11,5)
12 25 38
13 26 39
DESIGN S94
DESIGN R160
E-22222222
1 14 27
2 15 28
3 16
29
17 30
18 31
6 19 32
20
21 34
23 36
11 24 37
222222≈******
33
35
234567
9
10
11
234BK7BP222
12
13 24
14 25
15 26
17
8 19 30
20
21
22222222-23
34
35
36
37
16 27 38
28
39
18 29 40 51
41
31
42
43
33
44
4959955335
46
47
(13,6)
48
50
52
2345678
DESIGN S123
1 14 27 40
66
2 15 28 41 54 67
16 29 42 55 68
4
17 30 43 56
18
31 44 57
19 32 45
20 33 46
8 21 34 47 60
9 22 35 48 61 74
10 23 36 49 62 75
11 24 37 50 63
(12,4)
12 25 38 51 64
13 26 39
**38518083
59
52 65 78
858822≈≈≈ KINⓇ
69
70
71
72
73
76
77
1
13 25 37
23456789
10
14 26 38
15
39
16
17 29
40
41
18 30 42
227228-≈3:32
B4SK72222222
19 31 43
20
21
11 23 35
12
DESIGN R190
44
*$485%
DESIGN R201
(15,2)
1
16
2
17
3 18
4 19
34 46
5 20
47
6 21
36
7 22
8 23
9 24
10
11 26
22222&
25
12 27
13 28
14 29
15 30
DESIGN S46
DESIGN R132
89
