TABLE IX.
Regular group divisible designs - Continued
Design R163: v= 45, r = 10,
m= 9,
n=
5,
c₁ = 0, c₂ = 1/9, H= 17, A -
E, .80, E₂ = .82, E= .82
Complement: Not listed,
Dual: Not a D(x), x =
Groups: (9,5)
A1
= 72
r
= 80
1, 2
=
0,
k = 5,
b = 90
Design R164: v= 8,
r =
9,
k= = 6,
λ2
= 1
m= 2,
n = 4,
λ₁ 7,
=
=
b= 12
A2 6
Plan: 2 3 22 25
10
19 20
42 45 30
3 1 23 26 11
23 24
43 37 31
1
2
24 27 12
24 22
44 38 32
5
6 25 19 13
22 23
45 39 33
6
4 26 20 14
26 27
37 40 34
4
5 27 21 15
27 25
38 41 35
1122
3344
8
9 19 22 16
25 26
39 42 36
9
7 20 23 17
29 30
4
7 37
7
8 21 24 18
30 28
5
8 38
11
12 31 34 19
28 29
6
9 39
12 10 32 35 20
10 11 33 36 21
14 15 34 28 22
15 13 35 29 23
13 14 36 30 24
17 18 28 31 25
18 16 29 32 26
16 17 30 33 27
20 21 40 43 28
21 19 41 44 29
32 33
7
1 40
33 31
8
2 41
31 32
9
3 42
35 36
1
4 43
36 34
2
5 44
34 35
3
6 45
1122
1122
4837
2695
77∞∞
5566
2413
778∞
5566
3344
2413
7788
5566
3344
c, = 21/26, c₂ = 291/416, H= 50/3, A = 208/3
E, .96, E,= .94, E = .95
2
Solution: Unique; 3-resolvable
Complement: A disconnected design
Dual: Not a D(x), x = 1, 2
Groups: (2,4)
Plan:
8
8
8
6857
8675
38 39
13
16
1
39 37 14
17
2
37 38 15 18 3
Design R165: v= 9,
r =
10,
k = 6,
b= 15
41 42 16 10 4
m= 3, n = 3, λ₁ = 7,
λε = 6
42 40 17 11
5
25 23
44 40 30
40 41 18 12
6
20 27
39 44 31
44 45 10
13
7
21 25
37 45 32
45 43 11 14
8
19 26
38 43 33
43 44 12 15
9
8 6 27 23 10
9
4 25 24 11
7
5 26 22 12
-2311
9 21 26 13
23 21 42 38 34
24 19 40 39 35
22 20 41
35 33
36 31 7
2-resolvable
37 36
9
5 37
6 38
7 19 27 14
34 32 8
4 39
8 20 25 15
29 36
3
8 40
5 3 24 20 16
30 34
6
1 22 21 17
28 35
4
2 23 19 18
32 30
17
15 36 32 19
33 28
18 13 34 33 20
16 14 35 31 21
11 18 30 35 22
12 16 28 36 23
10 17 29 34 24
14 12 33 29 25
15 10 31 30 26
13 11 32 28 27
26 24 45 41 28
27 22 43 42 29
31 29
44 42 18
45 40
43 41 17
38 45
17 4
39 43 10 18 5
37 44 11 16 6
41 39 15 11 7
42 37 13 12 8
1264H2O
9 41
7 42
2 43
3 44
5
1 45
14
1
15
2
13 3
6
40 38 14 10 9
966
866
887
897
7
885
695
446
554
564
774
332
332
332
231
633
877
799
789
496
886
522
544
655
456
417
117
211
211
123
=
Ci 14/19, c₂ = 328/513, H= 37/2, A = 171/2
E,
.95, E, .93, E = .94
Solution:
2
Complement: Design R59
Dual: Irregular
Groups: (3,3)
Plan: 4
779
218
