TABLE II.-Association schemes for catalogued designs-Continued
A. GROUP DIVISIBLE ASSOCIATION SCHEMES
(m, n)-Continued
(21,3)
1
2222
3 24
43
2 23
44
4
25
5 26
47
6
27
28
8
29
50
9 30 51
10
31
11 32
12
33
13 34
14
35
53
$495GAMNKIM58628
15 36 57
16
17
37
38
18 39
60
19 40 61
20
41
21 42 63
DESIGNS S97
(25,2)
1 26
(28,2)
1
29
2 30
3 31
4
5
28-≈3*32528
6
7
34
8 36
9 37
10
11 39
12 40
13 41
14 42
15 43
16 44
17 45
18 46
CELEBER 7 2 * * * *72
19 47
20
48
21
49
22
50
23
51
24 52
25 53
26 54
55
29
28 56
DESIGN S81
2
27
3
28
4
5 30
6
31
7
32
8
33
9
34
10
35
11
36
12
37
13
38
14
39
15
40
16
41
17 42
18
43
2222223
19
44
20
45
21
46
47
48
24
49
25 50
DESIGNS S80, 121
91
