TABLE VII. Semiregular group divisible designs - Continued
Plan:
7 8 21
10 11 6
13 14 12
258
1 2 9
4 5 15
258
2 19
1
4
11
7
14
10
16 17 18
19 20
03
17 13
20 16
21
6263952
19
5
9
12
1
8 15
Design SR33: v= 27,
m= 3,
r = = 9,
k = 3,
b= 81
n = 9,
λ₁ 0,
=
A2
= 1
18
4
11 21
7
14 6
10
17 12
2
15
36
13 20 18
16 2
3
0
19 8 12
1 11 18
7036
4 14
7 17
10 20 15
13 2 21
283952
19 11
15
1 14
21
4
17
7
20
12
10
2
18
13 5
11
16 5 6
19 17 21
1 20 6
4 2 12
7 5 18
16
8
426283a
19
14
18
1
17
3
c₁ = 0, c₂ = 1/9, H= 15, A = 54
E= .67, E₂ = .69, E = .68
Solution:
Complement: Not listed, r = 72
Dual: Design LS120
Groups: (3,9)
Resolvable
4 20
9
7
2 15
Plan:
10 5 21
1
2
1 5
1
8 12
13
8
6
4
5
12
4
8
15
4
11 18
9
16
11 12
7
8 18
7
11 21
7
14
24
10 11 24
10 14
27
10
17
19
22 23 21
10
8 3
12222
13 14 3
13 17 6
13
20 9
16 17 9
16 20 12
16
23
14305
20
15
19
23
18
19
26 21
22
26
24
22
2 27
25 26 27
25
3
25
5 6
13 11 9
16
14 15
15
21
27
Design SR32: v= 24,
m= 3,
r = 8,
n = 8,
k = 3,
b = 64
6
λ₁
=
0,
A2
= 1
12
18
16
-
2
c₁ = 0, c₂ = 1/8, H= 40/3, ▲ =
E,= .67, E₂ = .70, E = .69
Solution:
Resolvable
Complement: Not listed, r = 56
Dual: Design LS103
128/3
24 19
3
9 25
147030022
11
18
1
14
21
14
24
4
17
27 4 20
17
3
7
20
6
20
9
10
23
23
15
13
26
18
26
21
16
2
24
2
27 19
5
3 19
5
6 22
8
12
25
11
15
M255TULAT
23
12 10 26
13
9 22 11
122825∞IL
17
14
23
Groups: (3,8)
26
Plan: 1 11 12
3 19 17
5 22 18
6 23
24 8
14 9 10
15 20 13
21 2
16
27847ORK
1 5 6
24 19 20
11 22 21
12
4 2
14 7 3
15 8 10
17 9 13
23 18 16
15894722
1 24 23
22025
21
5 16 15
8
6 19
11
9 22
2
14
12
1470362
8 9
1 2
15
17
7 6 20
11 18
10 12
2
16 20
1703
85632 R128
10 17 21
13 18
16 11
14 19 12
19 23 21
22
24 14
17 18
9 23
15 23 22
24 4
11 13 24
32200225
3 11
7 12
20 18 10
13 14
1 14 15
17
230622020
24 1
23
4
26
9 7
222
262
27 1
26
3
2
12 7
5
15
15 10
5 18 10
8
21
13
8
24 13
27 16
11
3 16
19
14
9
19
22
17
18 25
20
321
220
15
21 25
22222
11
27
14 6
17
12 19
20
18
23 24 25
147036022
8 3 22
9 20 4
8
21 5 7
9
11 6 10
23 12 13
17 24 16
18
2 19
10 24
5 3
12 16 8
16 14
6
19 5 9
21
222
19 15 11
17 22 6
20
22 12
4 8
18 4 14
2 7 15
L3H22782
1 20 21
10 23
147
