TABLE III.-Sets of blocks constituting replications for partially balanced designs based on certain group divisible and Latin square
types of association schemes - Continued
set 8.3
set 8.8
3
4
11
2278
1920
123 +
19 28
37
46
55
64
20 27 38
1595
45 56
63
17 26 39
48
53
62
18
25
40
47
54
61
5
14
23 32
33
42
51
60
6
7
16
8
365
13 24 31
34
41
52
59
21
15 22
22
30
29
3336
35
44
49
58
43
50
57
12345678
14
868
2822
2222
10 24 27 39 44 54 57
6 9 23
12
25 37 42
11 21 26 38 41
∞ ∞ B www ww
14 20 31
35 48
50
61
13 19 32 36
47
49
62
16 18 29 33 46
52
63
15 17 30
34 45 51
64
40
43 53 58
56
55 60
55
559
set
8.4
set
8.9
2
123 4
13 18 30
14
17 29
30
39
43 56 60
15 20 32
4
16 19
31
40 44
37 41 54 58
38 42
55
59
53 57
5 9
22
26
35 47
52
64
67
6
10
21
25 36
48
51 63
11
24 28
8
12 23
27
333333
45
50 62
1234567
11
2223
12
2 12 21 31 33
3
9
4 10
15
6
34
46 49 61
8
634
20
19
22222222
32 34
44 53 63
43
54
64
24 30 36 42
55 61
23 29 35 41
56 62
18 28 38
48
49 59
17 27 37
47
50 60
26
40
46
51
57
25 39
45
52
58
set
8.5
set
9.1
12345678
2223
15 21 27
40
42
52 62
1
2
13
23 25
16 22 28 39 41
38
51 61
10
44 50
64
19
14
24 26
37
43 49
63
28
3228
3
4
5
6
7
8
9
11 12 13
14
15
16
17 18
20 21 22 23
24
25
26 27
29 30 31
32
33 34 35
36
11
17 31 36
46 56
12 18 32 35 45
9 19 29
10
20
33333
230
+88
34 48 54
47
55535
58
37
38
39 40
41
42
43 44
45
57
46
47
48 49
50 51
52 53 54
60
55
56
57
58
59
60
61 62
63
59
64
65 66
67 68
73 74 75 76
77
78
220
69 70 71 72
79
≈880
80 81
set
8.6
set
9.2
123 +5678
13
2222
2222
6
11
10
set
17
8 9 18
8.7
2280
31
2223
16 23 26
15 24 25 35 46 53 60
14 21 28 34 47 56 57
4 13
27 33 48 55 58
12 19 30 40 41 50 63
29 39 42 49 64
38 43 52 61
36
45 54
59
123
10
11
=2
3 12 21
4
13
37
35
888888
56
5 14
44 51 62
7 16
89
17
45678
6 15 24
18
222222222
19
20
828
28
37
46
29
38
47
30 39
5555
64 73
56
65
74
48 57 66 75
31
25
26
27
33336
40 49 58 67 76
23 32 41 50 59 68 77
33 42 51 60 69 78
34 43
35 44
52 61 70 79
45
3233
53 62 71
54 63 72 81
2220
80
12345678
12 24
11
10
15
2222227
29
23
33338
30 37 48
47 51 58
52
31
40 45
49 60
83880
set
9.3
57
1 12 20
9 21 32 39 46 50
59
16 20 25 34 43 55 62
3 11
19 26 33 44
56
61
4 15
2223
34 45
2 10 21 35 43
19 36 44
14 18 27
13
17
28
335386
41
=མ
42
3355
54
63
64
5
13 24 29
53 58 69 77
54 59 67
78
76
52 60 68
28 39 47 61 72 80
37 48 62
70
81
63
6
7
18
8
16 27
9
17 25
2233
26
33333
14 22 30 38 46 63 71 79
31 42 50
32
40 51
41 49 57
555555
66 74
56
64 75
65
122
73
100
