TABLE II. - Association schemes for catalogued designs - Continued
B. TRIANGULAR ASSOCIATION SCHEMES, T(n)-Con.
T(12)
C. LATIN SQUARE TYPE OF ASSOCIATION
SCHEMES, Lê(n)
k=2.3.4.5.6.7
1. LATIN SQUARE TYPE OF ASSOCIATION
SCHEMES, L2(n)
•
1
1
•
12
2
12
3
4
567
345
13
14 23
15
16
17
8
18
9 19 28
10
20
11 21
22222222222
3
4
13
14
15
22
23
24
·
31
31
39
•
24
32
39
25
33
40 46
26
34
27
35
42
36 43
29
37
44
30
38
45
SE28959985
6
16
17
25
26
32 33
34
40
41
46 47
41 47 52
48
53
57
49
54
50 55
59
51
56
60
8584.2LCKREL
222.22268
9
18
19
27
28
35
36
42 43
48
49
53
54
57 58 59 60
•
61
61
64
63
65
22258888
10
20
29
37
44
50
55
62
64
66
1288518338*
30
45
L2(3)
56
1
63
4
65
7
66
DESIGNS T27, 55
6
309
258
DESIGNS LS1, 2, 7-15, LS26 SOL. 1, 2, 3, LS27 SOL. 1, 2, 3, LS49 SOL.
1, 2, 3, LS50 SOL. 1, 2, 3, LS72, 73
L2(4)
T(14)
1123456T23
7
9
10
24
24*22228-≈****
LILEKTR2222222
3 4
5
14
15
16
17
26
27
28
15 26
16 27 37
18 29 39
38 47
48
19 30 40 49
8 20 31 41 50
32 42 51
33 43 52
34 44
53
35
45
54
36 46 55 63
85%
· 37 38 39 40
47
56
57
58
59
60
61
62
2082222...
6
18 19
56
64
65
67 73
68
69
70
222222.24885-
8 9 10
20 21
29 30 31 32
41
48 49 50 51
57
64
65 66
71
• 77
66 72 77
78 82
74
79
75
80
76
81
22 INN HIB
58 59 60
72
83
84
85
2233785222868
=23435822*8*88
42 43 44 45 46
54 55
68
90 91
2234428☎
12
75
80 81
87
89
•
221453LLIBR☎*
2004
1
5
9 10 11
12
16
3 4
6 7 8
70
35 36
62 63
69
13 14 15
DESIGNS LS3, 4, 16, 20, 28, LS29 SOL. 1, LS30, LS31 SOL. 1, LS32, 34,
35 LS36 SOL. 1, 2, LS37 SOL. 1, 2, LS39 SOL. 1, 2, 3, LS40, 42, 44,
83, 98, 100, 116
76
L2(5)
85
88
1
2
3
4
90
6
7
8
9
91
11 12
16
21
222
17
382
13
14
18
19
24
50523
10
15
DESIGN T42
DESIGNS LS5, 45, 51, 54, 57, 59, 60-64, 66, 101, 117, 135
T(17)
·
1 2
1
• 17
2 17 •
3∞2
18
3 18 32
•
38$5
L2(6)
15 16
30 31
1
2 3 4 5
44 45
7 8 9 10 11
57 58
13 14 15 16
19
20 21
25 26 27 28 29 30
1224
SHN223
17
021209
6
18
24
15 30
16 31
333
44
45
55555
$4
57
58
136
DESIGN T43
T(22)
•
1
2 22
1
22
322-
22 2
3 23 42
• 42
2220
40 59 77
97
859
2003
21 41 60 78
DESIGN T56
136
31 32 33 34 35 36
DESIGNS LS6, 23, 67, 74, 76, 78, 80, 81, 136
L2(7)
1 2 3 4
2642
20
40 41
59
77
2382
21
60
78
1842214
9
10 11 12
15 16 17 18 19
23 24 25 26
29
30 31 32 33
36 37 38 39 40
43 44 45 46 47 48 49
DESIGNS LS24, 46, 84, 89, 93, 95-97, 118
5235
032714%
6
7
14
21
28
35
42
231
231
L2(8)
1
2 3
9 10 11
17 18 19 20
25 26 27
33 34 35
41 42 43 44
49 50 51 52
57 58 59 60 61 62 63
DESIGNS LS102, 108, 112, 114, 115
1222148
36
53225435
6
13
14 15
21 22
29 30 31
37 38 39
46
74238733
8
48
54 55 56
***SCNL.
16
24
32
40
64
93
