TABLE III.-Sets of blocks constituting replications for partially balanced designs based on certain group divisible and Latin square
types of association schemes-Continued
set
10.3
set
10.4
1 13
8 12 24
9 18
10
432765
20
15
14 26
11
17
16
2222222222
25
19 28 34 46
29
30
21
27
www3wwwwww
37
36
23 35 47
41
59
50 59 68 76
60 69 77 85
52 70 71
51
63
2222
84
92
1 20
93
5
86
94
8
72
87
95
38 45
57
62
73
81
96
39
48 56
61
74
82
97
32 43
31
2422
40 49 58 67
75
83
91
10
33 44 55
66
78
90
99
54
65
79
88
100
53
64
80
88
89
98
6970234
345
2222222222
12 30 33
39 43 58
49 54
16 23 40
44
59
18 27 34 50
17 28 31 45 60
19 21 38 42 56
66 74
83
55
2228
70 75 84
11 29 32 48
53
67 76
85 94
13 24 35
46
57
61
78 89 100
14
25 36 47 51
62
79
90
15 26 37 41 52
63
80
98
99
ྨ ྣོ བ སྨཿ ⪜གྷ
64
77
68
71
65 72
69 73 82
HHHHHH88%
86
87
81
102
