TABLE II.-Association schemes for catalogued designs - Continued
A. GROUP DIVISIBLE ASSOCIATION SCHEMES
(41,2)
(m, n)- Continued
T(7)
10. 11
12 13 14 15
4936+02
382-678
27
12
2345
14789E
+123456
6 11
15 18
13 16
16
17
5 6
CHEB22*
18
19 20
10 14 17 19 * 21
21
DESIGNS T7, 8, 20-22, 53, 65-70, 94, 95
T(8)
1
1
*
28
2
8
3
4567
10 15 19
5
11 16 20
6
12
17
678
21
4039-222
3°*°222
9 14
5 6
9 10 11 12 13
* 14 15 16 17 18
19 20 21
7382228*
23 24 25
26
25 27
SE22* 22
26
28
23
24
25
66
67
7 13 18
DESIGNS T23, 39, 40, 72-77
T(9)
2****5*A☎NK*58683888588°F~~~KLEIDID%
1 42
2 43
3 44
4
45
5
46
6
47
7
8
49
9
50
10
11
12
13
54
14
15
16
57
17
18
19
60
20
21
22
64
26
27
28
29
30
31
32
33
34
35 76
36
37 78
38 79
39 80
40 81
41
DESIGN S124
72
4 11 17 22
1123456
2
1.90
2 3 4
9 10 11
• 16 17
10 16
74
75
8922
5 12 18 23 27
6 13 19 24 28
7 14 20 25 29
8 15 21 26 30
THE2 2222
22
•
52122728
6
31
32
33
302 $3
23 24 25 26
28 29
34
35
742222***
8
13 14 15
19 20 21
30
31 32 33
34 35
•
36
36
•
B.
TRIANGULAR ASSOCIATION SCHEMES, T(n)
T(5)
1
2
3
4
3
6
* 8
89
* 10
4799
10
25
14567
DESIGNS T1-4, 9-13, 28-37, 44-47, 57-60, 71
T(6)
DESIGNS T24, 78-82, 85
T(10)
1123456789
1
10
11 18
12
13
14
21
15
20*22222
10 11
19 25
17 24 30 35
3AB R22222
4 5
6
7
12
13
14
15
18 19 20
21
22 23
25 26
27
28
• 31
32
33
26
31
36
37
27 32 36
• 40 41 42
28 33
37
40
•
16 23 29 34 38 41
43
39
42
44
t.t±❀*~~2∞
9
16
29
34
38
43
45
.AttwwwNE
17
24
30
35
39
44
45
DESIGNS T25, 86-90.
T(11)
*
1
1
2 11
3 12 20
4 13
5 14
29
6
15 23 30
36
7 16 24 31 37
8 17 25
6789
322828-238
2222222227
12
20
*
wwww3.825-
4
13 14
21
54223 7 2 2 $4
29 30
42
46
50
51
43 47 50
9 18 26
39 44 48
53
55
10 19
34 40
45
52
54 55
042191*9599
6
16
23
*
24 25 26 27
32 33 34
36 37 38 39 40
44 45
42
43
41 • 46 47 48 49
** 858
52
53 54
07221178***
9
10
18 19
59245
14
15
•
•
4813-5
6
10 11 12
370-34
20TO12
146789
12345
14
5 9
11 13
DESIGNS T5, 6, 14-19, 38, 48-52, 61-64, 83, 84, 92, 93
DESIGNS T26, 96-100
92
