TABLE II. - Association schemes for catalogued designs-Continued
A. GROUP DIVISIBLE ASSOCIATION SCHEMES
(m, n) - Continued
(15,3)
1
(19,2)
2
3
4 19
6789
16 31
1
20
17 32
2
21
18 33
3
22
34
4
23
5
20 35
5
24
6 21
36
6
25
7
22
37
7
26
8
23
38
8
27
9
24
39
9 28
10
25 40
10 29
11 26 41
11 30
12 27
42
12
31
13 28
43
13
32
14 29
44
14 33
15 30
45
15
34
16 35
DESIGN S95
17 36
18 37
19 38
(15,5)
123
16
4
5
6
7
8
9
10
12345
11
KERE*****~228
17
18
19
20
21
23
24
26
27
30
5231585≈≈87**$4
25 40 55
29 44 59 74
****AM¤¤****8
46 61
DESIGN S49
47
62
48 63
49 64
50
36 51 66
52
53
54
56 71
57
58
60
RIENCE***
(19,3)
65
67
68
69
70
72
73
1234567890:
20
39
21
40
22
41
23 42
24 43
25
26
27
28
29
75
11 30 49
6 ± 2 * $ 28
44
45
46
47
48
12 31 50
DESIGN R209
13 32 51
14 33 52
15 34 53
16 35 54
17 36 55
18 37 56
19 38 57
(16,2)
1
6
9 25
10 26
11 27
12 28
13
MAD222****~*29-2
14 30
17
2 18
3 19
4 20
DESIGN S96
5 21
7 23
(21,2)
8 24
1
234567
15 31
16 32
DESIGNS S74, 76
10
31
11 32
12 33
27
8 29
9 30
2222228
23
24
25
26
13
34
14 35
15 36
16 37
17
38
18
39
19 40
22
20
41
21
42
DESIGNS S50, 118, 119
90
