TABLE III.-Sets of blocks constituting replications for partially balanced designs based on certain group divisible and Latin square
types of association schemes
set 3.1
1
2
4
7
369
258
3
6
9
set 3.2
789
456
123
3 6
set 3.3
123
78
564
9
2
7
3
8
set 3.4
set 5.1
1
6
11
12
16
27272
3
4
5
8
9 10
17 18
94
382
13 14 15
19 20
24 25
21
set 5.2
2
67899
12345
4
5 10
333
set 5.3
11 16 21
12 17
13
67828
18
22222
23
14 19 24
15 20 25
1
123
2
645
3 5
set 4.1
set
1
5
2
6
897
37
4
8
9 10 11 12
13
4.2
26
14 15 16
78
12345
4 10
5
6
9
96
34512
19 25
20 21
16
22222
11 17 23
18 24
set
12345
6 15
5.4
10 14 18
45
19 23
7
11
20
89
8 12
9
13
1177
23
16
21
22222
24
25
set 5.5
123
2
567
5 9 13
6
10 14
11 15
4 8
12
3456
16
12345
96
2345
set 4.3
set
2200
6587
1234
4.4
11 16
12 15
6543
9 14
10 13
set
785
1234
5
8 11
4365
2109
4 6 9 15
set 4.5
19
6768
1234
4 5 11
13
14
8 10 15
25
9 16
204222
173043
26
32
2=
12
3
10
4
5
14
13
set
6.1
16
12345
9 12 20 23
10 13 16
7
14 17
25
15 18 21
5 8 11 19
5.6
89667
15 17
11 18 25
12
19
13 20
24222
21
14 16 23
24222
D20000
24
28 29 30
34 35 36
SHER23
3 4 5 6
9 10 11 12
14 15 16 17 18
2233
21
22
27
98
