TABLE II. - Association schemes for catalogued designs- Continued
A. GROUP DIVISIBLE ASSOCIATION SCHEMES
(m, n) - Continued
3 11 19
(8,6)
12345
1 9
2 10
TA22222
17
18
4 12
20
33 41
26 34 42
35 43
36
3435%
2272285
5 13 21 29
6 14
7 15
23
32
44
=**$499
37 45
38 46
39 47
40 48
8 16 24
DESIGN R183
(8,7)
(9,3)
1234567
10 19
11 20
12 21
13
222222227
14 23
15 24
16 25
8 17 26
9 18
DESIGNS S45, 91, 92
DESIGN SR102
DESIGNS R129, 170
(9,4)
10 19 28
26
34325;%
ម ន ឆ ន ន ទ គ គ
MRR22222
41
49
42
36
37
38
39
32 40
&&&&
43
44
45
46
47
48
XXXX35
50
51
52
53
54
123
11
20
12
55
4 13
56
5
14 23
6 15 24 33
7 16 25 34
8 17
222-*****
222222227
29
21 30
31
32
26 35
36
3
12345.
96
10
17
18
11 19
4 12 20
5 13 21
6
14
7 15 23
8 16 24
DESIGN SR96
(8,8)
1
90
2345
2 10
18
6 14
234
11 19
4 12 20
5 13
21
7
15
23
22722872
MRR22222
17 25
33
36
30
31
CHEEKS**
41 49
26 34 42 50
35 43 51
44
37
45 53
38 46 54
39 47 55 63
SЯXX✰
52
ធ ទ ទ ន វ ខ ខ ៩
57
58
59
60
62
64
8 16 24 32 40 48 56
DESIGN SR97
DESIGN R192
(8,9)
123
33253
22722872
7222222
9 17 25 33 41
4 12 20
35 43 51 59
36 44 52 60 68
5 13 21 29 37 45 53
6 14
30
38 46 54 62 70
7 15 23 31 39 47
8 16 24 32 40 48
DESIGN SR98
55 63 71
56
64 72
10 18 26 34 42 50 58 66
11 19
SAXXIS
49
ភ ទ ទ ន ៩ ខ ខ 3
57 65
38588222
67
(9,2)
1
10
2
11
3 12
4 13
5 14
6 15
7 16
8 17
9 18
DESIGNS S15, 37, 39, 65, 105
DESIGNS SR99-101
DESIGNS R88, 89, 151, 197
9 18
DESIGN S77
DESIGN SR103
1234567
(9,5)
10 19
12
13
14
15 24
7 16 25 34
8 17 26 35
9 18 27 36
222222222
11 20 29
21 30
23
228-23*3*
31
**Res888
37
38
39
40
41
42
43
44
45
DESIGN S120
DESIGN R163
61 69
(9,7)
123456
10 19
28
46
11 20 29 38 47
12 21 30 39 48 57
13
14
23
222222227
31 40 49
22-****
32
15 24 33
7 16 25 34
***3=27$4
41
50
155999688
51 60
52
8 17 26 35 44 53 62
9 18
36
DESIGN R191
45 54 63
(9,8)
123
10 19
37 46 55 64
11 20 29 38 47 56 65
12 21 30 39 48 57 66
4 13
222222227
23
228-***
$38588272
335998088
31 40 49
67
32
41
50
68
6 15 24
33 42 51
60 69
5 14
**CE
7 16 25 34 43 52 61 70
8 17 26
9 18
DESIGN SR104
35 44 53 62 71
36 45 54 63
87
