TABLE XVII. Partially balanced designs based on partial geometrics
Design PG1:
CI
=
v = 15,
6,
ni
1/5, C2
E,= .71, E,=
Solution:
2
=
k = 3,
1, λε
r = 3,
=
8,
A,
=
n2
1
P₁ =[ ¹ 4]
1
b
=
15
0
3 3
=
P,= [ ³ ³]
-1/5, H= 14/3, A = 5
=
.63, E = .66
Nonresolvable
Design PG3:
V = 40, r = 4,
12, n₁ =
k
= 4,
b
= 40
27, λ,
= 1, λα
= 0
90
P₁ =
2
₁ = [
4 8
18
ni
=
P. 29]
{
Pi
18
-1/5, H= 13/2, ▲ = 10
E,= .77, E, = .71, E = .73
Complement: Not listed, r
= 36
Dual: Self dual, Bose and Clatworthy (1955)
=
1/10, C2
=
Complement: Not listed, r
= 12
Dual: Truly self dual, Bose and Clatworthy
(1955) and Clatworthy (1971)
Plan:
4
1
1
9
2
10
868
5
2
6 12
14
5
7514123;
3
4
13
15
3
6
11
7
15
7
14
12
8
15
10
12
13
8
10 9 14
13
11
9
Design PG2:
E
1
=
=
1/9,
C 2
.69, E,
Solution:
2
v = 27,
n₁ =
=
=
10, n
1
r = 5,
=
P‚{ ¹ 8]
16, λ,
-1/9, H= 8, A
.64, E = .66
Resolvable
k
= 3,
1, λε
b = 45
P₁ = [ 5,8]
=
15
Complement: Not listed, r = 40
Dual: Design PG4
10
0
Plan: 1 2 3
1 4 5
167
4 18 26
2 12 13
2 14 15
5
17 25
3 20 21
3 22 23
6 15 20
6 16 27
4 16 24
7 14 21
7 19 24
5 19 27
8
13 24
8 18 23
8 17 20
9 19 22
9 15 26
9 12 25
10 16 23
10 14 25
10 13 26
11 12 27
11 17 22
11 18 21
1 8 9
1 10 11
2 16 17
2 18 19
3 26 27
3 24 25
4 14 22
4 12 20
5 13 21
5 15 23
6 18 25
6 13 22
7 12 23
7 17 26
10 19 20
8 14 27
11 15 24
9 16 21
Plan:
26
55212322RRIE
6
71
1
1
24
33
8
5
13
4 10
12
27 17 37 6
6
18
20
7
31
7 30
14
18 3
19 14 21 4
11 15 36 30
35 15 31
8
13 37 29 15
16
L-45322228428
14 16
25
29 26
32
31
23
11
30 28
9
39 11
5
38 13
28
37
19 6 36
25
21
39
36
29 40 7
35 32
22
40 36
2 20 17
14
34 31
2222222222222
9 39 16 26
16 38 27 10
24 40 17 12
25
25
32 4 39 37
33 27 11 21
22 12 26 33
28 20 33 13
17 9 30 34
40
10
122344KTOE∞
2
27
23
18
24
8
9
35
10 20
38
3
19
34 18 29
Design PG4:
CI
=
1/9,
v = 45, r = 3,
n, = 12, n,
=
k
32, A,
=
=
Р
=
P₁ = 3,28]
24
5, b = 27
=
1, λε 0
9
P₁ = [ 322]
2
C 2 -1/3, H= 24/5, ▲ = 27/5
E,= .82, E₂ = .75, E = .77
Solution:
2
Nonresolvable
= 24
Complement: Not listed, r
Dual: Design PG2
Plan: 1 2 3 4 5
1 6 7 8 9
1 10 11 12 13
2 14 15 16 17
2 18 19 20 21
3 22 23 24 25
3 26 27 28 29
4 30 31 32 33
4 34 35 36 37
5 38 39 40 41
5 42 43 44 45
6 14 29 37 45
6 18 23 31 39
7 15 28 33 41
34 38
7 19 22 35 43
8 16 24 36 40
8 20 27 30 42
9 17
9 21
10 14 22 30 38
10 18 28 36 44
11 15 23 34 42
11 19 29 32 40
12 16 26 31 43
12 20 25 37 41
13 17 27 35 39
13 21 24 33 45
25 32 44
26
296
