TABLE II. - Association schemes for catalogued designs—Continued
A. GROUP DIVISIBLE ASSOCIATION SCHEMES
(m, n) - Continued
(7,3)
2
89
8
15
16
3
10
17
4 11
18
5
12
19
6
13
20
7 14
21
DESIGNS S42, 88-90
DESIGNS SR84, 85
DESIGN R91
(7,4)
(7,9)
123-
4
5
6
7
15
29 36
50 57
16 23 30 37 44 51 58
10 17 24
BKFBP22
8961234
18
25
2222222
12 19 26
DESIGN SR89
(8,2)
1 9
10
2852313
38
39
RISCE
234959;
46
XXX
52 59
53
60
ទទទខ ខខ
40 47 54 61
20 27 34 41 48 55 62
21 28
42
56 63
1
2
3
4
11
5
6
7
8901234
SHTEP22
15
16
17
18
19
20
21 28
2222222
23
24
25
26
27
DESIGN S73
DESIGN SR86
DESIGNS R130, 131, 171
(7,5)
1
8
15
2 9 16 23 30
3 10 17
4 11 18
5 12 19 26
6 13 20 27 34
7 14 21 28
2222222
24
25
29
28-2313
35
DESIGN S116
23456
11
12
13
6 14
7 15
8 16
DESIGNS S14, 63
DESIGNS SR91-93
(8,3)
9
17
2
10
18
3
11 19
45
4
12 20
5 13 21
6
14 22
7 15 23
8 16 24
DESIGN S43
DESIGN SR94
DESIGNS R125, 126
(7,7)
1
8 15
2 9 16
3 10 17 24 31
4
11
18
6 13 20 27 34 41
7 14 21 28
DESIGN SR87
DESIGNS R184, 185
(7,8)
2222222
29
23
25
32
5 12 19 26 33 40 47
35
* www c
36 43
30 37 44
38
39
42 49
21485gg
(8,4)
1
9 17 25
2 10 18 26
46
3 11 19
4
12 20
5
13 21 29
6 14
7 15 23 31
8
16 24
2272282
MRR22222
30
32
DESIGN S75
DESIGN SR95
1
2
I34567
11
BHTBP22
89O1234
15
10 17 24
18
19 26
20
6
DESIGN SR88
21 28 35 42
2222222
25
27 34
28*33
29
16 23 30 37 44 51
31
Ret www 0
36
38
39
2$4959;
43
46
40 47 54
41 48 55
8538
50
(8,5)
52
1
9 17
53
3 11 19
4 12
56
5678
6 14
15 23
16
7222222
2 10 18 26 34
20
13 21 29 37
227228
25 33
35
36
30 38
39
DESIGN S117
24 32 40
86
