TABLE XVII. Partially balanced designs based on partial geometrics - Continued
Design PG5:
C₁ =
v = 45,
n₁ =
[= 7,
k
=
5,
28, n
=
=
16, A₁ 1, λη
b = 63
= 0
P.
P₁ = 15 12]
P₁ = [ 21 ]]
2
-1/27, H= 62/5, A = 189/5
1/9, C
=
=
.79, E = .81
E,= .82, E,
Complement: Not listed, r = 56
Dual: Design PG10
Plan: The plan may be obtained by dualizing the
plan for design PG10.
Design PG6:
y = 85,
r = 5,
k = 5,
b = 85
=
20, n, = 64,
λ,
=
1, λε
= 0
P.
₂ = [ 5 1983]
48
15
=
ni
P₁ = 318]
-3/17, H= 42/5, A = 17
= .77, E = .78
Complement: Not listed, r
Dual: Self dual, Bose and Clatworthy (1955)
=
1/17, C 2 =
E, .81, E,
= 80
k = 5,
=
Design PG6a: v = 165, r = 9,
n₁ =
36, n₂ =
b = 297
128,
A₁ 1, λε
= 0
3 32
96
2
P₁ = [ 927]
C₁ =
Pi
=
100
1/33, C 2 -1/11, H= 78/5, ▲ = 297/5
E, .80, E, = .79, E = .79
=
Complement: Not listed, r = 288
Dual: PG13a
Plan: Since this design is rather large
(N = vr = 1485) no construction is given.
The interested reader is referred to
Benson (1966).
Design PG7:
==
CI 3/13,
v = 26, ,= 3,
n₁ = 15, n,
6
=
P₁ = 8 ;]
Р
=
13
= 0
k
=
10, λι
=
6, b:
1, λε
=
[ 9 9]
13/2
Pi
=
C 1 -2/13, H= 31/6, ▲ =
E,= .87, E, = .81, E = .84
2
Solution 1: As given by BCS (1954); nonunique;
nonresolvable
Complement: Not listed, k = 20
Dual: The difference set solution for the BIB
design (13,26,6,3,1), Shrikhande (1952)
and Roy and Laha (1956).
Plan: 1 2 3 4 5
11 31 50 68 77
1 6 7 8 9
11 27 46 56 73
1 10 11 12 13
1
1
14 15
18 19
2 26 27
2 30 31
2 34 35
3 38 39
3 42 43 44 45
3 46 47 48 49
3 50 51 52 53
4 54 55 56 57
4 58 59 60 61
16 17
20 21
2 22 23 24 25
28 29
32 33
36 37
40 41
12 25 41 62 84
12 33 53 66 76
12 37 45 58 80
12 29 49 54 72
13 24 40 65 82
13 36 44 61 78
13 28 48 57 70
Plan:
1 22 6 23 12 26
2 23
7 24
13 14
13 32 52 69 74
3 24
8 25
1 15
14 22
44 68 72
4 25
9 26
2 16
14 26
14 30 48 64 80
14 34 40 56 76
52 60 84
5 26
10 14
3 17
6 14
11 15
4 18
15
12 16
5 19
15 23 45 67 70
8 16
13
17
6 20
4 62 63 64 65
15 27 53 59 82
9 17
1 18
7 21
4 66 67 68 69
5 70 71 72 73
5 74 75 76 77
5 78 79 80 81
5 82 83 84 85
6 22 46 58 74
6 26 38 66 78
6 30 42 54 82
6 34 50 62 70
7 27 39 69 80
7 23 47 61 76
7 35 51 65 72
7 31 43 57 84
8 29 40 67 81
8 37 52 63 73
8 25 48 59 77
8 33 44 55 85
9 24 49 60 75
9 36 53 64 71
15 31 49 63 78
10 18
2 19
8 22
15 35 41 55 74
11 19
3 20
9 23
16 25 42 69 71
16 33 46 65 79
16 37 38 57 75
16 29 50 61 83
17 32 47 62 81
17 28 51 58 85
17 36 39 54 77
17 24 43 66 73
18 22 53 57 81
18 26 45 65 77
18 30 41 61 73
18 34 49 69 85
19 23 52 54 79
19 27 44 62 75
19 31 40 58 71
19 35 48 66 83
20 29 43 64 74
Nonunique; nonresolvable
Complement: Not listed, k
=
20
Dual: The BIB design (13,26,6,3,1), as given
by Henderson (1964). Also, Shrikhande
(1952) and Roy and Laha (1956)
12 20
4 21
10 24
13 21
5 22 11 25
2222
Solution 2:
Plan: 1 2 3 4
19 7
9 11 1 7 8 10
13 14 15 16
18 12
20 22
13 21
5 17
10 14
18 24 5 8
9 28 41 68 79
20 33 39 60 70
3 8
17 22
9 32 45 56 83
20 25 51 56 78
21 26
11 19
10 22 39 63 83
20 37 47 68 82
25 23
2 24
10 26 47 55 71
10 30 51 67 75
10 34 43 59 79
11 23 38 64 85
11 35 42 60 81
21 24 50 55 80
21 36 46 67 84
21 28 42 63 76
21 32 38 59 72
4 15
9 23
6 16
12 10
20 25
6 26
581742653302
6
1 12
2
7
23
21
25
14
11
26
9 19
24
297
