TABLE VII.
Semiregular group divisible designs - Continued
Design SR77: v= 42,
r = 7,
k = 6,
b = 49
Design SR78: v= 48, r = 8,
k = 6,
m= 6,
n = 7,
λ₁ = 0,
A2
=
1
m= 6, n = 8,
λ
-
0,
245/6
C₁ =
=
160/3
c₁ = 0, c₂ = 1/7, H= 77/6, A =
=
E, .83, E,= .85, E = .85
Solution:
Resolvable
Complement: Not listed, r = 42
Dual: Design LS88
Groups: (6,7)
0, c₂ 1/8, H= 44/3, ▲ =
E= .83, E₂ = .85, E= .85
Solution:
Resolvable
Complement: Not listed, r
Dual: Design LS106
Groups: (6,8)
Plan: 1 20 21
= 56
22 23 24
40 29 18
39
2
Plan: 1 8 9
10
11 12
34 29 15
6
38 37
20 35 30
16
39 7
21 36 17
2
40
22 26 18
3
41 19
23 32 27
4 42 25
24 33 28 14 5 31
1 34
35
36 32
14 40
15 41
3 30 23 37
4 24 7
16 42 5 26 13
17 6 27 20 19 10
18 38 28
22 3 500 E
13
37 32 3
43 8 33
4 41 30
13
7 44 9
14 45
34 5 42
10 35 6
19 26 15
46 11 36
25 38 27
16 47 12
31 2 39
28 17 48
33
8 9 10
11 12 1
8
38 45 34
17 30 37
9
29
21 25
22 31
11
12
1
40 41 42 38
29 13 20
30 19 21
25 22 6 14
26 31 23 15 10 36
27 37 24
28 7 3 17
2454527
18
8 34
9 35
16
12
1 2 3 4
6
8 40 35 31 18 27
9 20 41 36 37 28
10 21 42 7
14
11 22 32 13 15 30
12 23 38 33 19
24 39 34 25 17
5874527
234322299
26 3
14 27 4
32 15 28
44 33 16
20 39 46
2 21 40
22
35 18 43
47 36 7
41 48 13
23 42 19
5 24 25
29
6 31
45 46 47
48 1
44
27 40 35
24 31 8
9 28 41
36 37 14
15 10 29
42 43 2
3 16
11
30 7 20
21 4 17
12 13 32
33 22 5
18 19 38
39 34 23
6 25 26
16 17 18
1 14 15
46 41 6
7 32 27
16
28 47 42
13 20 33
26
34 29 48
19 8 21
22 35 30
25 2 9
20 21 22 23
34 14 13 41 12 27
35 15 19 42 28
36
16 25 8 29
17 31 38 9 30
2223456
10 23 36
31 38 3
4 11 24
40 5 12
5 6 1
29 24 13
37 44 39
43 26 45
32 18 37 39 10
2 3 4
38 9 46
33 7 40 11 26
47 30 19
32 39 10
11 48 25
14 33 40
1
14 15 16 17 18
40 29 9 19 32 24
41 30 10 25 33
42 11 31 34 3
26 12 37 35 4 21
38 27 7 36
5 22
39 28 8 13 6 23
1 29 30 26 27 28
13
3 35 10 38
19 4 36 11 39 14
25
12 40 20 15
31
6 32 41 21
16
37 33
8 42 22
17
7
2 34 9 23 18
2222222 222 ONB
41 12 31
20 15 34
35 42 37
26 21 16
17 36 43
44 27 22
20
23 18 7
8 45 28
30 1 26
24 43 14
27 28 29
3 34 47
48 7 38
36 13 8
15 4 35
24
6 19 20
18 25 44
39 16 5
9 40 17
21 10 41
42 31 32
45 22 11
12 37 2
33 46 23
b= 64
=
A2 1
(Plan continued on next page)
160
