TABLE VII. Semiregular group divisible designs - Continued
Design SR107:v = 20,
r = 8,
k
=
10,
b = 16
Plan:
11 12
3
14 15
16 12 13
4 15
55
16
7
8
1 17
8
11
2
13
17
5
16 14
4
18
969
9 20
10
10
1
12
3
14 15
6 17
18 19 10
456
1
2
13
4
16
15
7
18
19 20
2
3
14
5
16
17
8
19 20
6
15 20 18
4
17
18
9
20
11 2
3
6
15
16
7
16 7 18
19
10
11
12
3
4
5
8
17
16 20
11 17 8
19
20
6
12
13
4
5
18 9
17
6
7
18
9
20
1
12
13 14
6
7
8 19 10
11
2
13
6
5
8
9
10
1
2
33
14 15
4
557
10 19 18 2
Plan:
2
1
10
12
3 11 15
7 6
16 17
5 3 9
9 4
4
13 12 16 17 18
19
1 10
┬░20
20
18
20 11
C4212345698
88527400
14 5 13 17 18 19
11 3 19 12
15 19 20 12 1 8 13
13
24
5 14 9
3 14 6 15 10
15 4 7 16 1
16 8 2
20
11
19 5
17 3
1 12
3
17
9
18 20
13
2
18 10
19 11
3 14
20 7 12 1
15
4
6 9
7
20
20
11
2 13
m 10,
n= 2,
AтВВ
=
0,
A2
= 4
5
16
10 9
11 14
3 12
17
6
CI
=
0, cтВВ= 1/2, H= 76/5, A
=
288/5
7
18
E, .90, EтВВ = .95, E = .94
Solution:
2-resolvable
Complement: Truly self complementary, Preece
Groups: (10,2)
Plan: 1
(1967)
6
8 9 10
19 8
9 20
11 10
9412
H2
11 10 9 12
13
15
12 11
10 13
16
5 14
13 12
1
10
15
17
+3
14 13 2
15 18 7 16
15 14
16 17 8 19
78
PH3254769
6969
3333
2222
4 5
тИЮтИЮтИЮтИЮ
7272
8 9 20 1 2 13 14 15
2222
3 4
12 13 4 15
3 14
5555
5555
7272
5500
2922
14 15 16 17 18 9 10
18
14
a├г├гa
16
19 20
4 15 6 17 8 19 20
5555
18
9 10
8
2727
▄г
▄г
▄г
▄г
6996
13 14
6 17
4 15 16
1 12 13
4
16 17
11
3 14 15
6666
2922
9 10
8 19 20
18 19 20
4 15
14 5
14 15
16 17 18 9 20 1
8 9 20
11 12 13
17 8 19 10
1 12
16
18
19 10
11
16
6 17 18 9 20 11
6
18 19 10
16 17 8 19 10 11
3333 тИЮтИЮтИЮтИЮ
3 4
11 12
1 12
11
1
11
2
333
2222
2727
Design SR109:v = 30, r =
9,
m 10, n= 3,
k
╬╗. = 0,
=
10,
b = 27
2
=
23
A
= 729/10
1
0, cтВВ
1/3, H= 171/10,
E= .90, EтВВ = .93, E = .93
Solution:
3-resolvable
Complement: Not listed, r
Dual:
A D(3), Speckman (1970)
18
Groups: (10,3)
Plan: 1
11
21
22
222
1
2 3
11
21
1
11
21
22222
12 13
тЙИ w w x w w & to w
3
4 5 6 7 8 9 10
13
23 24
25
14 15 16 17 18 19 10
26 27 28 29 10
14 15
16
27 28 29 20
13 24
25
26 7 8 9 20
22 23 4
5
6 17
18 19 20
3 24
25
26
17 18 19 30
4
5
6 27 28 29 30
23 14
15 16
7
8 9 30
222222222
11
Design SR108:v = 20, r = 10,
m
10, n= 2,
=
k = 10,
╬╗, = 0,
b=
= 20
A2
=
25
21
1
12
11 22
E,
cтВБ = 0, cтВВ = 1/2, H= 19, A = 90
.90, EтВВ = .95, E = .94
Solution:
Nonresolvable
Complement: Truly self complementary, Preece
21
11
21
222222222
1 12 23
23
1 12 23
to a w w w www x
3
13 24
24
13
4
24
4
13
(1967)
Dual: Irregular
Groups: (10,2)
1
11
2
21 12
3233
5555555555555
4 15 26 7 18 29
14 25 6 17 28 9 10
16 27 8 19
14 25 6 27
8 19 20
5 16 7 18
29 20
15 26 17 28 9 20
16 17 28 9 30
15
26 27 8 19 30
14 25 6 7 18 29
22 13 4 25 16 7 28 19 10
14 5 26 17 8 29 10
24 15 6 27 18 9 10
1 22 13 14 5 26 27 18 9 20
11 2 23 24 15
6 7 28 19 20
21 12 3 4 25 16 17
1 22 13 24 15 6 17 8 29 30
11 2 23 4 25 16 27 18 9 30
21 12 3 14 5 26
8 29 20
7 28 19 30
2222222222тЙИтЙИтЙИ
10
10
30
171
