TABLE IX. Regular group divisible designs - Continued
Plan:
1122334456
5 13 17
1
12
15 18
Design R126: v= 24,
r = 9,
k = 4,
7 14 20
2
5
16
19
m= 8,
n = 3,
λ₁ =
= 3,
A₂
b= 54
= 1
6 10 18
3
6
9 20
8
9
15
4
7
10 13
7 11
19
8
11 14 17
3 11 15
19
8
12
16
4 12
16
20
9
13
17
6 10
14 18
13428
9 13 17
1 2
3
4
5 6 7
9 10 11
12
13 14 15 16
17
18 19 20
10
58728
12364
17
14 18
11 15
68967
15432
8202
5
17 19
10
20 21
2 20 17 22
2 3 5 7
5 11
12 22
4 12 19
7
4 13
18 22
12
13 19
123
10 13 17
7
9
19 21 22
6
14 18
9 18 20
7
1 9 17 23
3 10 16 17
1 11 21
7
2 10 18 23
8
16 20
4
8 12 20
7
11 15 19
3 5
4
9
8
3 11 19 23
5 13 20
8
4 12 20 23
1 8 10 19
1 17
18
8
5
13 21 23
2 11 13 20
10 19 11
8
1
9
17 24
3
5 12 14
4 6 15 17
2 12 21 8
4 5 10 14
2
10 18 24
3 11 19 24
7
9 16 18
9 17 11 14
4 12 20 24
2
18 19 14
1 20 12 14
5 13 21 24
24
6 8 16
c₁ = 0, c₂ = 1/6, H= 45/4, ▲ =
E,= .75, E,= .78, E = .78
Design R125:
V= 24, r = 7,
m= 8, n = 3,
k = 4,
λ₁
=
0, λε
= 1
63/2
b= 42
3 13 21 14
6
7 14 22
5
9 1 15
7
8 15 23
Solution:
Nonresolvable
Complement: Not listed, r
= 35
10 18 12 15
3 19 20 15
2 11 13 15
4 17 21 15
9 10 2 16
1 19 13 16
8 14 16 24
14 15 22 6
15 16 23 7
16 22 24 8
22 23 6 14
23 24 7 15
7 15 19
5 11 18
6 10 14
12 16 20
11 16
10 15 20
14 19
13 18
7 12 17
5 9 13
c₁ = 2/5, c₂ = 1/10, H= 27/2, A = 45
E.83, E,= .77, E= .77
Solution:
Nonresolvable
Complement: Not listed, r = 45
Dual: Irregular
Groups: (8,3)
Plan: 1 2 4
3 11 18
9 12 13
99996
4 20 11 16
3 12 17
5 18 21
16
10 1 3 22
999
16
Dual: Not a D(x), x = 1, 2
Groups: (8,3)
Plan: 1 2 16 13
1
8
21
3
2
3 24
5
2 22 15
4
C1
3
4 23
6
4 14 7 1
5 6
1 15
5 16
14 12
6 12 2 11
12 9 3 7
9 13 4 10
7 10 6 8
10 21 12 22
21 15 9 19
6 24 18 9
Solution:
12 23 8 13
Design R127: v= 24,
m= 3,
r = 10,
n = 8, λ₁
k = 4,
b= 60
=
2,
A2
= 1
= 1/4, c₂ = 3/32, H= 14, A = 48
E, .80, E,= .77, E= .78
2
Resolvable
Complement: Not listed, r = 50
9 20 22
13 17 19
5
Dual: Irregular
6
Groups: (3,8)
7
2 17 21
10
3 16 15
Plan: 1 13
7 19
7 19
1 13
15 11 13 14
21
4 24 11
2 14
8 20
8 20
2 14
11 7 5 18
11
1 20 10
3 15
9 21
9 21
3 15
19 14 10 24
19 12 1 18
4 16
10 22
10 22
4 16
8 15 20
8 22 11 17
22 19 7 16
14 18 21 23
18
14 9 2 8
5 17
11 23
11 23
5 17
18 13 3 22
8 5 4 19
20 21 6 16
6 18
12 24
12 24
6 18
20 17 14
3
17 15 12 24
17 16 18
24 23 22
23 20 19
412
16 11 9 23
24 7 13 20
18
23 10 5 17
136835
248216
5 22
7 24
22 24
17 18
11 21
20 23 9
10 12 13
19 20
13 14 17 10
5 6 9 14
15 16 19 12
7 8 11 16
3222°W
15
21
1234
(Plan continued on next page)
209
