TABLE VII. Semi regular group divisible designs - Continued
Design SR84: v= 21, r = 6,
3,
m= 7, n=
k = 7,
b
=
18
λ
=
0,
A2
= 2
216/7
c₁ = 0, c₂ = 1/3, H= 78/7, ▲ =
2
E= .86, E₂ = .90, E = .90
Solution:
2
Nonresolvable
Complement: Not listed, r = 12
Dual: A D(3), Speckman (1970)
Groups: (7,3)
1
16
8 2
10 11
17 18
5 20 21
12
6 7
15 9 3
1
8
15
629
4 19 13 14
10 18 12
2 17 4 19 13 21
3 11
5
293
032
14
7
Plan: 1 2 3
4 5
6
8 9 10
11 12 13
15
16 17
18
19
1
2
10
18
12
8 9
17 4
19
6
15
16
3 11 5 13
1
9 3
18
19 13 14
8
16 10 4
5 20 14
777777
C3220322
C 1
-
0, c₂
=
Solution:
Dual:
1/4, H= 104/7, A =
=
E,= .86, E, .89, E = .89
Complement: Not listed, r
A D(3), Speckman (1970)
Design SR86: v= 28,
r = 8,
k = 7,
b= 32
m= 7,
n = 4,
λι
=
0, A2
=
22
384/7
Resolvable
=
24
Groups: (7,4)
15
2
17
11
12
6
14
1
16 17
4
12
8
2
3
11
32233
13 14
Plan:
19 20 14
15
9
10
18
5
6
14
1
9 17
11
5
20 21
22
2962
1852
16 17
23
3002
4
12
11
9 10
19
18
26
24 25
5202
6 7
13 14
20 21
27 28
8
16 3
18
12 6 21
15 2 10
4
19 13 21
1
16 10
11
19
6 21
8
18
2 17
5 13
21
15 9 3
4
12 20
21
1852
9 17 25
2 24 18
12
23 3
19
11
22 16
10
5298
13 21
6 28
27 7
4 26 20 14
Design SR85: v= 21,
=
0, c₂ 1/3, H= 117/7, A = 486/7
-
E,= .86, E₂ = .90, E = .90
Solution:
Dual:
Resolvable
Complement: Not listed, r
Not a D(x), x =
Groups: (7,3)
Plan:
296
185
300
418
= 18
1, 2, 3, 4
529
6
7
13 14
r = 9,
MF 7, n = 3,
k = 7,
b = 27
λ₁ = 0,
λ₂
=
23
1852
16
23
6229
3 18 12
10 25
22
22
1852
23
8 16
24
9
N428
17 11 12 20 28
5 27 21
3 25 26
6 14
2 10 18 19 13
7
22
1852 1852
2963
10
11 26 27 21
3
16 24
25
4 19 20 28
12
17 18 5 6
13
7
14
9 24
18
26 20 7
14
2 17 25 19 27
10 4 12 6 21
16 3 11 5 13 28
2 17 4
9 24 11 19 6 21
2569
27 14
7
5 20
13 28
9 10
17
16
395
290
185
16
296
185
15 16
185
185
185
185
16
10
17
10
300
11
12
18 19 20 21
184
12 13 21
18 19 20
5 6
7
14
12
320 203
18 19 20
17 11
15 23
22
14
4
5
6 21
12 13 7
22
1852
16
0229
2814
0320
10 25
19
6 28
8 23
2 24 11 5 20
17
12 27
23 24 4 19 13 14
18 26 13 21
27
14
17 4 12 20
30
992
16
11 19 6 14
10 18
742
203
245
13 21
9 17 11 19 6 21
962
16
3 18
252
13
271
2 10 4 12 20 14
9 17 18
529
3 4 12
13 14
21
427
320
20
2 10 11 19 6
16 10
19 13 7
952
418
2 17
9 3
11
12
5 20 14
6 21
22
1852
2692
16 17 11
26 6 7
9
3
10 18
25
5 27 28
12 20 21
163
