TABLE VII. Semiregular group divisible designs - Continued
1
32 33
13 44 15
34
35 36
1
18
14 15 16 17
40 23 30
33
24 11 28 38 25
19 2 45
16 41 24
34 31 12 29 39 50
25 8 3
31 26 9
46 17 42
35 37 40 30
2 51
4 47
18
36 43 41 44
3 52
37 20 27
10 5
48
49 20 42 45
4 53
43 38 21
7 14 39
28 11 6
7 21
8 46
5 54
22 29 12
13 22 9 47
6 26
32
23
10 48
19 27
40 41 42
28 35 12
4 29 36
46 5 30
22 47 6
16 23 48
39
1 38
19 44 3
25 20 45
31 14 21
37 8 15
43 32 9
1
33
34 35
36 32
50 30 5 22
15 49
51 7 6 23
16 38
52
8 13 24
17 39
53 9 19 44 18 40
10 17 24
34 11
7
26 33
18
13
2 27
54 26 10 45
25 41
11 27
2 46
31 42
20 28
3 47
12 37
21 29
4 48
14 43
Design SR79; v = 54,
m= 6,
r = 9,
n = 9,
k = 6,
λ₁ = 0,
b= 81
λε
=
1
13
50 51 52
53 54
23 42 15 44
13 28
c₁ = 0, c₂ = 1/9, H= 33/2, ▲ =
E, .83, E,= .85, E = .85
Solution:
Resolvable
Complement: Not listed, r = 72
Dual: Design LS123
Groups: (6,9)
Plan: 1 2 3 4 5 6
135/2
24 2 16 45
19 29
3 46
17 32
25 30
4 47 18 33
8 31
5 38 48 34 9 37
10 43
20 39 6 35
21 40 49 36 11 26
22 41 14 7 12 27
1 44 45
18 51 22 43
38 45 36
17 22 31
39 46 18
26 23 37
46 47 48
11 32
49 52 23 2 12 33
40 47 24 27 50 43
41 48 49 28 51
42 7 32 29 52
14 13 33 30 53 10
15 20 34 19 54 11
24 53 26 3
7 34
8
13 54 27 38
4 35
9
14 19 28 39
5 36
15 25 29 40 8 6
9 20
16 31 30 41
17 50 37 42 10 21
16 44 35 21 25 12
1
38 39 40 41 42
32 28 53 6 21 31
33 29 54 37 22 44
8 34 30
43
23 45
9 14 35
49
24 46
11
10 15 36 2
16 50
12 17 51
7 47
3
13 48
4 26 19
25
18 52
5 20 27
1
10 11 12
1
1
23 24 20
21 22
29
3
10 38
18 49
30
4 11 39
7 44
40
5 12 32
13 45
41
6 19
33 50 46
42 14 25 34 51 47
26 15 31 35 52 48
27 16 8 36 53 37
28 2 9 17 54 43
8 9
44 34 17
6 49 27
45 35 18 50 7 28
46 36 20 51 13 29
47 52 21 19 38 30
1
29 30 26 27 28
40 48 33 20 17
41 13 34 21 18
42 8 35 22 19
87234
9 36 50 23 25
5
48 53 22
2 39 25
14 54 23
3 40 31
15 32 24
4 41 37
16 33 43
5 42 26
10 44 51 24 31
52 37 14 6
11 45
38 46 53 12 15 43
39 47
54 32 16 49
161
