TABLE VII. Semiregular group divisible designs – -
Continued
Solution:
1/9, H= 117/7, A = 486/7
E,= .86, E,= .87, E = .87
Resolvable
Complement: Not listed, r = 72
Dual: Design LS124
Design SR89: v= 63, r = 9,
m= 7,
n = 9,
k = 7,
A₁ = = 0,
b= 81
λg
= 1
0, c₂
1 58 59 60
26 48 17 51
27 49 18 52
28 53 19 37
54 36 20 38
55 44 21 39
23 45 56 40
24 46 57 41
25 47 16 42
61
62 63
14 32 15
22 33
29 34
9 35
10 43
11 50
12 30
13 31 8
35234567∞
Groups: (7,9)
1 51
52 53
54 55 56
Plan: 1 2 3
4
5
6
7
20 59
50
49
12 37 25
44 52 41 25
36
14 19
21 60 2
57
13 38 26
45 53 42 30
26
43 20
3 61 30
8
14 39 27
46
54 27
47 55 28 32 59
31
58
50 21
4 62 31
44
15 40 28
9 57
16 63 32
45
5 41 22
48 56 37 33
60
10
8
17 6 33
46
9 42 29
49 15 38
34
61
11 16
18 7 34
47
10 36 23
23 22 39
35
62
12 17
19 58 35
48 11
43 24
24 51 40
29
63
13
18
1 26
27
28
23
24 25
1
44 45 46
47
48 49
33 3 11
20 63 57 44
32 21 61 6 24
36
37
34
4 12
21 8 51 45
33 43 62 7 25
51 38
35
5 13
9 34 63
50
26
52 39
22 6 14
10 16 35
57
27
53 40
16 7 29
11 17 8
2
28
54 41
12 18 58
3 15
55 42
13 19 59
4 30 56 22
32 2
10
30 17 36
31 18
52 46
38 58 53 47
39 59 54 48
40 60 55 49
61 56 43
42 62 19 50
9 41
37 15
14
20 60
5 23
31 29
1 33
34 35
30 31 32
1
9 10
11
12
13 14
46 55 63
23
19 38
51 39 57
6
49
31 19
52 40 58 7
53 41 23 59 15
8
32
20
33 21
54
42 24
60 44 34 22
55 61 25
2 45 35 29
56 62 26
63 37 27
50 38 28
46 36 16
4 47 43 17
5 48 30 18
3
25 21 3
4 10
42 51 59 27 36
43 52 60 28 16
44 53 61 50 17
45 54 62 37
5 11
6 12
7
13
18 57
14
47 56 39 24 20 2 15
48 40 22
49 41 58 26 29
2859
39 28 13
1 20 21
38 27 12 56
45
16 17 18 19
44
Design SR90: v= 12,
29 32
r = 6,
m= 4, n = 3,
=
k = 8,
λ₁ 3, λε
b= 9
= 4
36 58 33
40
46 14 43
41 47 50 51
42 23 48 52
49 24 9 53
15 25 10 54
37 26 11 55
2 59 34
=
8/15, c2=
3 60 35
4 61 57
5 62
6 63 30
7 22 31
8
Unique; nonresolvable
1 38 39 40 41 42 37
58 34 5 56 17 57 25
59 35 6 8 18 44 26
c,
E,
= 31/45, H= 93/8, A = 135/4
.94, E₂ = .96, E = .95
Solution:
Complement: Design SR41
Dual: The BIB design (9,12,8,6,5), Roy and Laha
(1956)
Groups: (4,3)
Plan: 1 3 8
61
60 9 7 15 19 45 27
10 22 51 20 46 28
62 30 11 52 21 47 29
1 7
1 11 12
63
31
2 53 12 48 36
13
32
3 54 43 49 23
14 33
4 55 16 50 24
1966555
7 12
9 11
42284428
4
NÕONŏaNoa
6
10
2 10
6 2
10
2
3
5 11
3 12 10 6
7 8 2 10
9 11
10
6 2
NOONOOOO
2
6
6
555116619
7
5 11 12
3
1 11
3
7
12
3 12
7
428842284
165
