TABLE II.-Association schemes for catalogued designs- Continued
A. GROUP DIVISIBLE ASSOCIATION SCHEMES
(m, n)-Continued
(9,9)
123456789
10 19
11
12
13
14
16
17
9
18 27
222222222
23
2287≈≈132
37
20 29 38
30 39
40
41
15 24 33 42 51 60
36
$4
25 34 43 52 61 70
26 35 44 53 62
45 54
*******
49
50
888588022
38598688
46 55 64 73
47
65 74
48 57 66 75
67
68 77
69
71
72
REKLER 28.
(10,5)
1
11
2 12
3 13 23
21
76
4 14 24 34 44
5
78
15 25
6 16 26 36
79
7 17 27 37 47
80
8
81
DESIGN SR105
18 28
9 19 29 39
10 20
DESIGN S122
123385888
2222222222
41
42
43
30
40
* $ £ £ £ ££*£2
45
46
48
49
50
(10,2)
11
12343KFBD2
1234567890
15
16
17
18
19
20
DESIGNS S16, 41, 67, 109
DESIGNS SR106-108
DESIGNS R90, 180
(10,3)
123456
11 21
12
(10,8)
54 64 74
55 65 75
2
12
3
4 14 24 34
5 15 25 35
6 16 26 36
7 17 27 37
2222222222
32
13 23 33
=224497995
11 21 31 41 51 61 71
52 62 72
46
XXXXX58
43 53 63 73
1881285882
8៩៨៩ ដ៩៨នដ
8 18 28 38 48
9 19 29 39
56 66 76
57 67 77
68 78
59 69 79
10 20 30 40 50 60 70 80
DESIGN R202
11 21 31 41 51 61 71 81
32
52 62 72 82
(10,9)
1
2 12
3
13 23 33
53 63 73 83
13 23
4 14 24 34 44 54 64 74
14 24
5 15 25 35 45
55
65 75 85
15
25
6
16
16 26
7
8
7812
HHHHHH88
84
2222222228
C2****588
2222222222
=23$49ggg
បទ ក ង ទ ទ ទ ទ ន
5838485882
26 36 46
56 66 76 86
27 37 47 57 67 77 87
28 38 48
9 19 29 39
10 20 30 40 50
DESIGN SR110
58 68 78
59 69 79 89
60 70 80 90
7 17 27
8 18
9 19 29
10 20 30
DESIGNS S47, 93
DESIGN SR109
(10,4)
1234567
11 21 31
12 22 32
13 23 33
14 24 34
7 17
8 18
427228
(11,2)
1
12
2
13
3
14
4
15
5 16
6 17
7 18
8 19
9
20
15 25
35
16 26
36
37
38
9 19 29 39
10 20
11
22
30
40
10 21
DESIGN S78
DESIGN R161
DESIGNS S17, 110, 111
888
