TABLE II.-Association schemes for catalogued designs-Continued
A. GROUP DIVISIBLE ASSOCIATION SCHEMES
(m, n) - Continued
(3,10)
123
2
456
DESIGN SR34
(3,11)
10
H2
789
11
12
345
16
17
18
678
26
3225
222
19
20
23
2226
222280
29
21 24 27 30
789
456
123
DESIGN R182
14
345
10
13
11
12
16
17
678
2226
19
20
222
23
26
3225
29
82280
31
32
223
12 15 18 21 24 27 30 33
(4,2)
2
123
4
5678
DESIGNS S6-8, 18-20
DESIGNS SR36, 37, 39, 40
DESIGNS R29-31, 33, 54-57, 97, 99, 101, 103, 134, 136
(4,3)
9
2012
1
5678
234
4 8
11
DESIGNS S27, 29, 30, 82-84
DESIGNS SR41-43, 90
DESIGNS R39, 75, 78, 145, 148, 176, 203
(4,4)
1
5 9
13
2
6
10 14
3
7 11 15
4 8 12 16
DESIGNS S61-62, 64
DESIGNS SR44, 45
DESIGNS R86, 87, 118-123
(4,5)
(4,7)
1 5 9 13 17 21 25
2
3
6 10 14 18
17
7892
3456
26
2222
2222
11 15 19 23 27
4 8 12 16 20 24 28
DESIGN SR48
DESIGNS R181, 200
(4,8)
1
2
3
13 17 21 25 29
14 18
78°2
3456
9012
5678
26 30
2232
3272
2222
11 15 19 23
4 8 12 16 20 24 28
DESIGN SR49
DESIGN R208
(4,9)
31
13 17 21 25 29 33
14 18
26 30 34
335
2232
2222
2222
78°2
11 15 19 23 27 31 35
16 20 24 28
36
1
2
3
4
3456
9012
5678
DESIGN SR50
(4,10)
1
2
3
4
7812
3456
9012
5678
13
14
11 15 19 23
21 25 29
2222
26 30
16 20 24 28 32 36 40
339
3433
2232
3272
37
38
31 35 39
DESIGN SR51
(5,2)
1
67890
123
4
5 10
DESIGNS S9, 10, 26, 51, 52
DESIGNS SR52-55
DESIGNS R36, 37, 69, 106, 108, 139, 140, 142
(5,3)
1 5 9 13 17
2 6 10 14 18
3 7 11 15
4 8 12 16 20
DESIGNS S106-108
DESIGNS SR46, 47
DESIGNS R124, 179
7882
1
6 11
19
2
7 12
3
8 13
(4,6)
3456
13
14
11 15
16
9012
5678
12
3
4
DESIGNS R92, 189
4 9 14
5 10 15
DESIGNS S35, 36, 85
DESIGNS SR56, 57
DESIGNS R81, 82, 84, 85, 114-116, 149, 150
སྦྱ ཙ ཚ བ
17
19
20
24
2222
21
(5,4)
23
1
2
3
4
9
5 10
12345
678
17
18
C7BD2
16
19
20
DESIGNS S66, 68
DESIGNS SR58, 59
DESIGN R152
84
