TABLE VII. Semiregular group divisible designs - Continued
1 50
51
52
53
54
55 56
1
29 30 31 32
26 27 28
16 23 69
6
27
41
42 36
37 3 12
48
71
65 50 22
49 24 70
7
28
58
43 37
38 4 13
9
72
58 51 23
10 57 71
8
29
59 44 38
39
11 18 72
65 30
60
45 39
5
40 6 15
14 42 17 59 52 24
43 66 60 53 25
12 19
9
2
31
61
46 40
33
7 16 44
67 61 54 18
13 20 66
3
32
62 47 17
34 8 41
45
68
62 55 19
14 21 67
4 25
63 48 34
3
35 49 10 46 69
63 56 20
15 22 68
5 26
64
33 35
36 2 11
47
70
64 57 21
1 16
10
11
12
13
14 15
1 37 38
39 40
34
35 36
58 44 32
6
55
35
21 65
52 62 71 26 21
9 16 43
59 45
9
7
56
36
22
66
53 63 72
27 22
2 17 44
60 46 26
8
17
37
23 67
54 64 25
28
23
3 10 45
61 47 27
25
50
38 24
68
55 33 66 29
24
4 11 46
62 48 28
2
51
39 33
69
56 58 67 30
41
5 12 47
63 41 29
3 52
40
18 70
49 59 68
31 18
6
13 48
64 42 30
4 53
49 19 71
57 43 31
5 54
34
20
72
50 60 69 32
51 61 70 65
19
7
14 57
20
8
15 42
1 58 59
60
61
62 63 64
22 67 40
55
13
42 28 57
23 68 65 56
21
43 29
24 69 34 9 15 44 30
17 70 35 50 16 45 31
18 71 36 51 25 46 32
19 72 37 52 10 47 33
20 41 38 53 11 48 26
66 39 54
14
12
49 27
$52345678
Design SR99: v= 18,
r = 6,
m= 9, n= 2,
k = 9,
b = 12
λ1 = 0,
λε 3
=
c = 0, c₂ = 1/2, H= 34/3, A
E.89, E,= .94, E= .94
32
1
22 23 24
18
19 20 21
43 30 13 63
44 31 14 64
45 32 15 49
46 57 16 58
47 26 65 59
48 27 10 60
17 28 11 61
42 29 12 62
8
33 36 50
41
66 37 51
2 67 38 52
3 68 39 53
4 69 40 54
5 70 9 55
6 71 34 56
7 72 35 25
22
Solution:
Nonresolvable
Complement: Truly self complementary, Preece
(1967)
Dual: A D(3), Speckman (1970)
Groups: (9,2)
Plan: 10 11 3 9 8 15
1 16
10 2
1 43 44 45
66 38
67 39 6
46 47 48 42
5 63 19 65 28 16
64 20 50 29 9
51 30 10
58 22 52 31 11
68 40 7 17 21
69 25 8
70 34 33 59 23 53 32 12
71 35 2 60 24 54 41 13
72 36 3 61 49 55 26 14
57 37 4 62 18 56 27 15
Design SR100:v 18, r = 8,
m= 9,
1 66 67 68 69 70
29 54 19 48 15 36
71 72
17 58
E,
c₁ = 0, c₂ =
.89, E,
30 55 20 25 16 37 2 59
31 56 21 42 33 38
32 41 22 43 10 39
49 50 23 44 11 40
26 51 24 45
27 52 65 46
3 60
4 61
5 62
12 57
6 63
13 34
7 64
28 53 18 47 14 35
8 9
Solution 1:
k = 9,
b = 16
n=
2, λι
=
0,
A2
= 4
1/2, H= 136/9, A = 512/9
.94, E = .94
Nonunique; nonresolvable
Complement: Truly self complementary, Preece
(1967)
Dual: Design LS99, Solution 1
Groups: (9,2)
638989
12
4 14 8
7 14 13
11 15 9
12
13 5 15
16 17 9
1
11 6 13 14 3
17 14 15
16 17 18
7 4 12
1 2 18
13 5 15
16
4 14
4 5
16 8 18
16 17
7 17 18
10 11 5
2 18
9
1 8 3
10
2 3
10 11
15
4 12
6
13
17
1 11
12
7 5
7 8 18
10 2
6
13
14
12
7
2
1 6
3
4
5
8
62
(Plan continued on next page)
168
