TABLE XI. Partially balanced designs based on triangular association schemes - Continued
333024
356
Plan:
1
10
11
6
13
1
11
12
6
15
1
12
15
14
13
1
4 10
12
7
14
4 12
15
7
15
14
7
11
2
4
8
10
4
8
4
12
6
10
7
11
9
8
9
10
5
10
11
13
55
14
46795SSOIR
1345222609
2278-333
48093512
Design T8:
-4/63,
C₁ =
.48, E,
E,
=
Solution:
v =
n =
C 2
1
P
=
21,
10, n
r = 10, k
10, A₁
5 4
ย
=
P
=
2,
b
=
=
2/21, H = 23/2, ▲ =
.52, E = .50
Unique; nonresolvable
=
= 95
1, 2
Complement: Not listed, r
Dual: Not a D(x), x =
Association Scheme: T(7)
0,
λε
4
= 105
=
[ + 9]
63/2
1
Plan: 1 12
3 19
6 10
10 13
13
1 13
3 20
6
12
10 15
1 14
3 21
6 13
10 16
1 15
4
7
6
14
10 18
Design T7:
CI
=
2/21,
V =
n₁ =
P
21,
10, n
5
r = 10,
10, X,
=
k = 2,
1, λ
4
=
[
P₂ = [
=
Cz -1/7, H= 19/2, A
E,= .52, E₂ = .47, E = .49
2
Solution: Unique; nonresolvable
Complement: Not listed, r = 95
Dual: Not a D(x), x =
Association Scheme: T(7)
= 21
b
=
=
93
105
0
1 16
4 8
6
16
10 20
1 17
4 10
6 17
11 12
1 18
4 11
6 19
11 13
1 19
4 12
7 16
11 14
1
20
4 14
7 17
11 16
1 21
4 15
7 18
11 17
2 8
4 17
7 19
11 19
2 9
4 18
7 20
12 19
2
10
4 21
7 21
12 20
2 11
5
7
8
13
12 21
1, 2
2 16
5 8
8 14
13 17
2 17
5
9
8
15
13 18
2 18
5
11
8 19
13 21
Plan:
1
1
2 19
5 12
8 20
14 16
1
2345
4
4
4 13
1
16
7
9
10
12
13
14
2
4
5
6
3
3 12
333
IIIII34SO22225333∞267 ∞
CE2222723
19
8 1
20
5
17
5 19
1
5
21
6
569342924
8
12
∞∞∞∞
10
17
8 11
18 12
8 12
13 14
224
2 20
5 13
8 21
14 18
2 21
5 15
9 12
14 20
3 7
5 16
9 14
15 16
8 16
13 19
3 9
5 18
9 15
15 17
17
8
13
20
3 10
5 20
9 17
15 19
18
8
15 13
3 11
6
7
9 18
16 21
9
8
16
13
3 13
6
8
9 21
17 20
10
9
14
19
3 14
6
9
10 12
18 19
16
9
14 17
3 15
19 9
15
14
9 20
14 21
10
5
9 11
18
15
V =
10,
ng
5 14
9 13
11
6
19 10
220
20
15
21
15
15
6
17 10
17
16
6
18
21 10
19
16
6
20
10
11
20
16
6
21
10
14
16 18
15
8
16
17
18
7890
12345777
7
11 18
17 21
7
11 20
18 17
7
15 11
19 17
7
21 11
18 20
12 13
12 14
10
26
12 15
16 12
2222
21
20
21 19
20 21
2002
18
Design T9:
=
n
1
=
P,
6,
r =
3 2
=
3,
3,
λι
P₂
=
CI 3/10, c₂ = -3/20, H= 13/3, A 40/9
E₁ = .74, E, .63, E = .70
=
Solution 1: As given by BCS (1954); nonunique;
nonresolvable
Complement: Design T71, Solution 1
Dual: Truly self dual
Association Scheme: T(5)
k =
3,
b
= 10
=
[ + 2]
=
1, λε 0
4
=
19
Plan:
1827953046
503928467
1
2985460703
10
10
(Plan continued on next page)
235
