TABLE 8
TREATMENT ALLOCATION PLAN
Treatment
i
Block numbers, yields and
Ti and
Qi
Qi
block averages
Ti-Qi
1
(1)
(2)
(3)
(6)
2.6
2.7
2.8
3.0
11.100
2.375
2.650
2.500
3.100
10.625
0.475
-0.3083
2
(3)
(4)
(9)
(12)
2.2
2.1
2.6
2.5
9.400
2.500
2.725
2.675
2.625
10.525
- 1.125
- 0.4083
3
(4)
(6)
(8)
2.3
2.8
2.3
(11)
2.4
2.725
3.100
2.425
2.475
9.800
10.725
- 0.925
- 0.2083
(5)
(6)
(9)
(15)
3.3
3.2
2.8
2.5
11.800
3.400
3.100
2.675
2.800
11.975
- 0.175
1.0417
5
(2)
(8)
(9)
(13)
2.7
2.7
2.8
3.0
11.200
2.650
2.425
2.675
3.250
11.000
0.200
0.0667
6
(5)
(8)
(10)
(12)
4.1
2.3
2.6
2.7
11.700
3.400
2.425
2.650
2.625
11.100
0.600
0.1667
7
(2)
(5)
(11)
(14)
2.8
2.9
2.6
3.0
11.300
2.650
3.400
2.475
2.675
11.200
0.100
0.2667
8
(2)
(7)
(12)
(15)
2.4
2.6
2.7
3.2
10.900
2.650
2.675
2.625
2.800
10.750
0.150
-0.1833
9
(1)
(11)
(12)
(13)
2.5
2.6
2.6
3.6
11.300
2.375
2.475
2.625
3.250
10.725
0.575
- 0.2083
10
(3)
(10)
(11)
(15)
2.6
2.5
2.3
2.4
9.800
2.500
2.650
2.475
2.800
10.425
-
- 0.625
- 0.5083
11
(4)
(13)
(14)
(15)
3.1
3.2
2.5
3.1
11.900
2.725
3.250
2.675
2.800
11.450
0.450
0.5167
12
(6)
(7)
(10)
(13)
3.4
3.2
2.7
3.2
12.500
3.100
2.675
2.650
3.250
11.675
0.825
0.7417
13
(1)
(9)
(10)
(14)
2.0
2.5
2.8
2.8
2.375
2.675
2.650
2.675
10.100
10.375
- 0.275 -0.5583
14
(3)
(7)
(8)
(14)
2.4
2.5
2.4
2.4
2.500
2.675
2.425
2.675
9.700
10.275
- 0.575 -0.6583
15
(1)
(4)
(5)
(7)
2.4
3.4
3.3
2.4
11.500
2.375
2.725
3.400
2.675
11.175
0.325
0.2417
42
