TABLE 17
TREATMENT ALLOCATION PLAN
Treatment
i
Block numbers, yields and block averages
T₁ and
Ti-Qi
Qi
Q;
1
(3)
2.31
(5)
2.86
(6)
1.65
(9)
2.58
9.40
2.3825
2.7375
1.8975
2.6525
9.6700
-0.2700 0.2990
2
(2)
(7)
(8)
(9)
2.51
1.41
1.90
3.06
8.88
2.0275
2.2275
2.2225
2.6525
9.1300
-0.2500 -0.2410
3
(1)
(3)
(8)
2.89
2.29
1.95
(10)
2.03
9.16
2.6075
2.3825
2.2225
2.0550
9.2675
-0.1075 -0.1035
(4)
(6)
(7)
(10)
2.54
2.09
2.36
2.03
9.02
2.6175
1.8975
2.2275
2.0550
8.7975
0.2225 -0.5735
5
(1)
(4)
(9)
(10)
2.28
2.81
2.20
2.07
9.36
2.6075
2.6175
2.6525
2.0550
9.9325 -0.5725 0.5615
6
(2)
(3)
(4)
(7)
1.77
2.49
2.31
2.0275
2.3825
2.6175
3.02
2.2275
9.59
9.2550
0.3350 -0.1160
7
(1)
(2)
(6)
(8)
2.72
2.29
1.57
2.60
2.6075
2.0275
1.8975
2.2225
9.18
8.7550
0.4250 -0.6160
8
(4)
2.81
(5)
(6)
(8)
2.99
2.28
2.44
2.6175
2.7375
1.8975
2.2225
10.52
9.4750
1.0450
0.1040
9
(1)
(3)
(5)
2.54
2.44
2.23
(7)
2.12
9.33
2.6075
2.3825
2.7375
2.2275
9.9550 -0.6250 0.5840
10
10
(2)
1.54
(5)
2.87
(9)
2.77
(10)
2.09
9.27
2.0275
2.7375
2.6525
2.0550
9.4725 -0.2025
0.1015
The fourth column of the Table 17 gives the adjusted yields, Qi and the fifth column the quantities Qi
defined by (3.23)
Q=T-Qi-rG/N.
Qi is obtained by subtracting T-Qi from Ti, and Q is obtained by subtracting rG/N=9.3710 from Ti-Qi.
Thus
Q₁ = 9.40-9.6700=-0.2700
Q=9.6700-9.3710=0.2990.
53
