TABLE VII. Semiregular group divisible designs - Continued
JUE
1 16 14 15
9 20 11
13 6 12
52340
17 18
7
5 19
8 10
Design SR49: v= 32,
m= 4,
r = 8,
n = 8,
k = 4,
b= 64
λ₁ = 0,
λ₂ = 1
Design SR47: v= 20, r = 10, k = 4,
m= 4, n = 5,
λ₁
=
0,
A₂ = 2
Plan:
c₁ =
0, c₂
1/5, H= 35/2, A 75
E‚= .75, E,= .79, E = .78
Solution:
Resolvable
=
Complement: Not listed, r = 40
Dual: A D(3), WHC (1956)
Groups: (4,5)
Duplicate the plan of SR46.
b= 50
c₁ = 0, c₂ = 1/8, H= 14, A = 48
.75, E,= .77, E= .77
E,
Solution:
Resolvable
Complement: Not listed, r =56
Dual: Design LS104
Groups: (4,8)
Plan: 1 14 15 16
25 22 3 28
29
5
9
13
17
21
ស ៩២៩៩១ និ
6 23
4
30 7 24
10
31 8
11
32
26
19
12
27
20
19372225
Design SR48: v= 28, r = 7,
n= 7,
k = 4,
b= 49
6
m= 4,
λ
=
0, A2
= 1
26
31
14 27 32
c₁ = 0, c₂ = 1/7, H= 49/4, A
E,= .75, E,= .78, E = .77
=
Solution: Nonunique; resolvable
Complement: Not listed, r = 42
Dual: Design LS86
147/4
18
10
19
22
30 23
Groups: (4,7)
31 32
19 28 21
Plan: 1 6 7 8
1 24 22 23
24 11 26 25
14 12 27 5
15 2 28 9
16 18 3 13
22 19 4 17
23 20 10 21
10 28
11 4
12 18
19 14 13
26 20 15 17
27
2 16
2359356
7
3
25
11
6
7
15
8
23 16 13
27
PER 2222402
7
8
24
2 15 28
3 16
20 17
12
1
25
8 29
3 12 5
9
17 18
13259324220
18
10
26
BOEK 22
14
23
6
31
26
21
12
1 28 26 27
9 14 4 23
13 15 6 24
17 16 10 7
18 21 11 8
19 25 2 12
20 5 3 22
1 2 3 4
32
6 28 21 19
20
7 14 25 20
8 15 5
16 22 9 11
26 23 13 12
24
10
16
8
4
27 24 17 18
28
15937222
10 11
22 19
14
6
2
26
30
18
1°24733
15
8
222 2222 2222+-2 FREE2250
RED 22202**
3
4
26
7 32
27 8
10 23
28
14 11
24
18 15
12
30 19
16
6
31
20
19 20 1
24 29
11 4 5
6 27 12 9
28 13
30 15 8 17
31 16
21
23 32 25
24
11 28
15 20
12
3 32
4
19 8 25 14
26
27 16 5 10
28 1 26 27
13 30 3
4 17 14 31
32 21 10 15
16
12 29
24 9
1937222 222RE
22
30
2
6
18
6 11
7
18 23
19
1 14 15 16
24 10 9 19
11 13 20
12 17
6
21 26 7
1802122
69234∞∞
22 25 27 8
1 10 11 12
7 13 22
17 23 2
3 14
21 24
18 25 4 15
26 19 5 16
23
5 28 18
18 19 20
27 20 6 9
1937225
3 8 26
4 27 10
28 14 11
22 15 12
25 23 6 16
2 24
7
151
